653895
218121
515221
564002
978668
831416
101675
887727
993400
167943
42106
786152
116676
56923
739984
767308
306464
357164
582554
43736
985129
847509
687621
145050
404807
969045
340140
337798
412766
568594
202693
66661
786714
717913
144867
279587
63534
760745
167314
56935
928687
209419
357291
45364
780546
97276
326876
601214
454439
423634
644950
439568
785347
846775
584617
190155
330025
438961
42157
742790
7555
244849
323655
308474
476967
468521
588060
540500
743470
755374
111639
672158
478997
468930
231726
259543
80410
72806
374962
534848
10645
19912
488620
795991
380891
587441
500350
710915
26403
542507
453705
548161
301560
777359
856634
778526
760084
958899
319027
503554
228478
944869
689916
707474
413799
921641
481222
494208
508652
856183
543260
519296
390299
31880
829491
771189
133526
329842
482104
674132
386553
450013
222293
688112
741576
593132
466639
501660
66236
299870
519418
294713
758943
209335
2187
172743
645180
997612
181155
153832
368000
238620
187332
758298
784703
16824
43692
918228
860869
40000
592360
247422
490012
328858
935533
231588
436194
916376
247452
502429
730450
766870
797141
489394
490409
313532
176341
135589
311145
871699
803625
679144
110319
990956
951647
409227
7780
509543
327455
868648
549543
434020
630274
553759
762877
565808
299552
199071
996388
547003
215704
241044
828077
12845
730437
318486
326376
420982
968279
151725
806885
771904
345074
917204
762860
810925
326431
770640
320468
168090
153493
384215
116314
783767
937974
393395
863779
237526
106670
374372
298733
322373
615415
641015
335217
860056
959500
175798
795242
927779
327522
602128
699683
672595
519332
976748
483520
359967
747388
318193
42261
415085
702407
158575
713056
640381
66174
576835
392111
172844
465412
690844
495216
80827
846063
830433
455088
805563
6231
250330
247548
847956
852457
461435
520552
885993
438183
518276
760164
699775
350673
802425
114861
53081
475204
827916
207666
541377
918956
599777
714220
384368
804825
723641
979398
650888
554074
434486
970655
74509
684816
218203
922464
51478
679638
957220
937471
632025
989701
697635
331801
340374
14265
960865
907658
489468
302986
115325
545050
736146
715101
773474
120514
519926
497115
614117
685018
51189
48603
655673
639901
247623
873876
76571
813305
67719
547995
750776
699743
51901
448411
545748
392275
462676
506613
299933
466348
323804
415257
11398
59950
644562
784872
180464
678692
281987
308785
363710
847380
871591
19384
1486
633419
407464
592260
446724
475182
140256
197500
689129
192156
160115
234878
98635
622790
255695
398568
603343
579498
328029
128945
639448
486796
913816
334116
165488
710008
642900
529198
71593
28696
62786
587282
662114
470249
179543
108838
459635
319798
306337
148764
26158
980656
897845
124793
117651
667745
37565
720993
247243
879797
849938
400895
366593
277959
249215
532081
502171
406319
575483
87968
435015
638268
675250
97129
108517
854792
205967
568151
688794
26508
231119
714951
521368
643169
353948
639019
310914
391512
360012
558156
271310
724154
473256
152107
516318
722470
684187
18489
128790
259670
106457
563804
897937
781706
175137
520658
150703
895307
603013
839496
436020
834132
68652
957387
477301
422600
596406
302419
328316
470623
374779
599625
194777
848034
751732
711094
570505
950123
243788
213499
723998
350244
777302
136140
646154
466643
656798
311061
361951
259811
150557
797970
608147
733412
755357
599652
670216
865968
902070
998532
336591
276850
112362
45572
639088
378298
270871
209593
328422
514658
937295
566624
379106
714597
702763
539464
695445
873765
850524
57396
647781
515285
855365
255928
762901
124927
369785
433118
990894
786059
431650
327485
577113
58216
887261
216202
436514
672336
939998
279140
186994
877294
845763
80304
106096
548526
133972
801540
936496
984495
858935
584277
13985
228505
840204
776885
353432
724193
210003
344326
510253
155857
186016
87366
214073
73277
817771
164791
745612
757770
443930
446810
635064
803897
41318
741159
866627
175289
56905
803123
673988
915839
387400
687972
144345
741809
464857
497776
466002
189065
356306
490459
344921
542321
92030
73198
129802
909800
237988
389618
667570
196122
836427
816838
19
391949
557998
866646
567237
129107
183974
755429
44946
571374
443401
703494
827387
422463
715474
807593
611527
71781
298053
956447
128306
390082
29646
258108
814086
267633
647725
481657
463755
998357
298495
977977
390306
370697
358828
471748
499803
542802
741381
58954
628380
184783
276652
455767
607245
992126
263360
218772
578111
75617
689423
706416
979902
719068
964523
793989
500906
126454
789850
478865
639015
88345
456842
543525
973246
815670
15273
987253
872676
270859
560411
501056
455641
837063
471027
577090
343394
734386
310066
921504
324208
999488
627920
304110
718557
106649
98099
733667
747306
887948
212532
386321
490498
669373
929845
977948
999247
459323
965201
871923
730181
39818
372979
700026
876880
844005
277116
220274
92597
587181
655982
416804
586669
798106
235118
819430
904754
847421
67302
652060
249574
279833
552585
740071
463411
482431
232224
462658
941753
197426
334582
186139
751447
221765
886164
628327
579975
163280
362805
186776
264665
532991
117784
365538
331097
352901
699173
750056
200322
766474
916320
449896
46308
468906
704171
509718
465541
936395
486580
921498
648025
335366
107637
399472
557131
993800
542003
651310
671284
419012
838085
935948
952002
955868
815690
797303
822973
514863
547359
537500
281338
977884
987395
841849
446790
205771
865771
912330
656370
352351
833828
818599
687717
455669
218071
759052
449469
274278
410362
634957
207494
248447
85110
673700
718519
900799
471004
541492
415663
532567
78992
211205
510451
580591
53054
471445
786362
433029
383775
956936
785379
731807
775536
987300
187476
507811
746352
151149
782089
156714
786105
503787
919364
871214
177488
637883
772014
162696
693580
701881
695262
772571
427290
205714
867367
480343
677158
167934
913371
575138
124870
212955
821149
900405
200256
8626
922421
946607
673978
704510
617526
460084
722501
51095
331298
899988
688978
617516
62684
896762
833601
272151
669333
260891
992068
536700
255438
183431
704633
168809
272773
343708
895968
93923
244113
610428
616752
166534
557035
290730
385248
688765
750813
621954
739860
596316
521942
943042
213832
98831
839804
561638
885185
23342
822528
877253
74247
77967
60684
293084
760979
333457
636791
656947
427379
395109
267375
558335
75847
338615
849064
975299
541584
599878
597253
795648
196194
633399
252895
924229
732229
92699
485867
617414
630245
822600
8872
218696
900566
69556
511779
661545
917216
148571
832697
858799
57884
614276
417134
133730
952890
266198
109029
8680
380280
220486
804327
90678
853885
57223
529112
100319
664125
529183
231938
294370
351783
240809
513065
252349
824568
539049
428099
255989
687619
260796
114788
259707
875071
46126
393436
342167
826528
16670
350846
206808
237155
155173
297486
605244
726599
340802
705563
390725
869984
451705
199299
221768
692513
226569
988320
31287
765617
416419
287275
