584530
135886
693919
599269
134360
697238
178299
58968
573182
338471
180087
298474
575948
818613
76604
774595
260337
566869
811570
947708
790622
438828
152949
246527
445833
64803
307818
642801
189605
447453
300085
774134
97543
508209
887608
746107
719651
65907
319279
807038
918581
499366
105512
494529
832183
696319
783329
92521
263188
109104
40229
568014
547931
193177
328745
507969
257980
636562
664974
961788
598220
479264
250128
209967
987472
651940
956073
707123
717846
275353
514161
636428
288923
133877
130957
635310
344400
428490
727830
121793
537594
282263
689806
599729
989644
532756
621902
761828
169318
286877
237821
281742
280345
2153
491709
267817
654092
961986
489144
371939
751543
517510
522571
40466
165591
167732
189981
509991
596222
432015
631783
648020
714278
835793
247749
218127
368549
383856
494159
52072
184937
731979
333813
465281
248337
339726
247302
416633
301713
736445
302776
53256
253955
825346
607926
419546
993078
312111
443741
103505
744125
75524
751524
458403
911316
513477
190734
794070
897332
684892
846141
596473
931076
694158
61754
179413
548089
309055
110250
364006
559705
413026
931465
813659
238372
539391
747409
231450
851501
191150
334954
595627
780877
600682
568234
206399
114160
273173
469
11492
958064
360814
607965
403345
569176
183923
96962
117265
492978
207212
481270
566887
620237
412736
380546
858608
466331
642160
604263
832037
347514
453421
941868
128392
54104
24307
334790
168263
297479
849462
693958
769748
210276
816127
173093
293656
51
784259
925125
7233
991470
920599
574119
611707
333335
468869
984519
313871
625233
102987
660112
972747
556408
116185
615343
610511
140491
950132
292978
952174
313799
986935
721922
38279
803063
409219
331934
317318
193478
257059
324550
699152
177659
898668
825063
25198
881741
809583
853272
506975
426774
513384
479722
983181
629568
609269
107897
284264
559401
915078
750642
387404
902014
986768
425682
219282
395987
271820
536599
103670
528879
375353
802821
220742
274021
142090
760143
669966
465877
613416
176941
892650
641004
170867
390037
784777
780135
497933
583245
853740
413012
333887
241144
829230
320655
181030
562716
230846
452850
613519
334515
495933
988871
651541
716674
777096
307835
991021
447062
773711
118642
138208
666361
759646
309074
56398
58628
89210
68536
641872
457154
995751
489963
698298
339186
810617
879327
901901
41463
846381
29625
890182
342314
18496
55928
573192
309796
363762
564214
756857
137473
682855
895064
318038
956705
718343
374436
15333
321757
957175
171409
778910
952926
661371
991412
292112
986192
870740
708217
27656
717121
252046
432042
573640
270541
487969
146832
580336
365935
711045
851397
17612
393901
260667
335649
864810
979009
224289
880143
300766
181464
565756
79676
648594
227128
71089
454910
213320
456033
677331
755179
687358
929376
187221
260998
199917
189394
407830
294457
69533
633079
145855
87144
541184
406521
422793
405995
899734
647081
800342
200500
342750
366098
794379
991343
593225
379672
960458
320750
835704
637789
75929
37268
567166
777354
298265
281287
480952
220299
575744
550485
367583
235803
151833
908766
156528
574625
314761
56262
735911
115103
770965
592865
995405
565344
584208
588630
945016
544666
423584
294925
696660
13718
332192
263826
305276
144662
545112
786227
879164
635060
850916
246747
870862
2750
669718
27390
91579
984478
597855
827489
613786
368820
934558
609191
448369
518767
712025
907589
577637
649814
202514
274297
663531
48911
52327
968806
707776
597439
269238
101145
232499
634359
347892
103362
637108
531814
644955
242891
30497
757015
584585
644282
125835
519143
767677
88408
552114
993907
995996
129752
643721
712715
918252
307252
761625
970579
790262
983605
82223
59500
84750
314721
208063
946845
932286
359375
478659
91447
602266
509156
848461
186851
667642
488500
220198
949524
576908
772312
943431
572904
416268
101357
285619
848724
408608
561448
819303
713074
59258
415730
286778
144008
730451
494841
605057
176942
854215
597921
782592
456481
107077
631053
157536
34522
377734
238447
210666
664250
181878
783569
80518
283234
583393
929241
206046
659045
262750
433324
718303
678479
720102
376515
923134
214943
981571
100077
583362
579492
882668
554048
200773
27927
711583
489696
661684
603521
242347
872349
267771
424225
170123
862492
221663
753515
791734
941913
926765
54484
375237
645068
247167
609543
535787
170302
338690
31563
784582
922052
125260
181455
990304
326032
723585
701887
329932
385269
819613
572279
257618
601588
510708
427741
464081
246575
695460
255815
188488
622225
824502
77930
781497
71669
687472
317284
756174
540367
863051
540756
462419
988310
236416
966927
828546
960000
183019
158479
345270
2632
244962
117092
604220
755669
59037
582505
2244
268702
838319
704936
405131
177026
297070
186629
762898
498746
18117
519073
39113
395372
574033
15736
383682
810448
982662
212229
284654
165682
884911
144128
682517
129873
261219
286737
399746
834460
869241
916193
103162
221765
621129
508292
912994
918198
209125
675893
931149
741446
194966
970261
136818
283203
985997
520500
607856
482864
246933
892509
648545
131844
36637
331063
775920
812059
132004
175666
646519
515450
91859
749680
251419
227193
772177
164414
659595
981301
354511
590744
722747
63681
561006
373770
346883
61208
408474
954738
544071
655406
847247
706821
301454
398088
552088
77374
210148
198296
253039
856666
713745
859101
120552
479369
86294
892728
157987
745889
874029
512497
850837
110982
576177
411843
998955
923059
987254
407429
392003
45531
577039
753454
752351
878492
151543
818643
470070
361690
16939
237313
732560
244889
96414
853111
724257
696912
745839
396448
442801
134074
908944
293638
245055
999325
219686
758214
922384
721144
165643
828591
766674
256886
582046
33230
135378
733588
851872
119652
609482
868811
356964
856246
627904
453377
709358
866365
150289
969401
262813
107294
103475
171757
915136
862733
171082
649026
620947
607670
370170
300794
436262
136845
557679
532512
684278
693056
780304
536151
812707
903990
919166
683875
760236
547070
651457
469594
413435
315950
438996
676247
423244
56675
362208
852584
919408
533289
15815
540355
655163
385984
841149
605629
37033
913032
138141
721311
120294
918444
771666
447205
822434
690832
131081
96876
237902
782537
566469
651336
98487
519669
327583
35935
576344
203995
888518
495752
251488
418537
550311
906650
318726
905664
26485
355758
818697
164625
591273
938990
597274
362939
900399
933912
53771
31480
30788
805876
814016
111462
457212
912503
145335
298999
462642
721678
17198
351161
731634
268685
283902
796150
175336
602627
216019
716024
958385
34716
394853
63863
487910
506331
941006
388310
440244
508981
933993
985235
314858
748010
610901
286274
174718
270441
585273
637359
506323
602470
502724
752162
385360
786626
548312
74900
389253
764330
790923
861842
313251
185776
439910
315365
692107
380916
217879
646555
889896
151873
145995
204754
414087
271101
491028
588804
541541
590505
740367
47864
707179
243092
800025
606743
543922
862541
681642
447379
626872
472565
823426
454327
658341
263336
769691
864652
158456
501775
25412
48352
653647
171406
767310
67734
956710
772542
170742
498251
877251
911108
60320
98635
668404
860344
705378
726530
722886
387020
688114
863962
373790
511540
318289
546335
289080
602184
410987
447535
618163
436398
10091
271810
122008
291605
853747
78719
578351
538693
91174
455602
964006
151493
68442
146615
11838
288024
873145
248928
675043
561259
627094
563037
587003
459587
109372
876082
61771
520358
837821
194139
470960
847911
980152
107173
653721
833900
185891
232072
886797
277064
201879
850803
428557
784524
997418
954598
72548
384768
717730
261795
460231
344824
824832
47234
804410
934203
923315
380385
454562
761136
574523
439726
123252
554676
546898
291177
902780
246993
523249
789577
38262
239332
640381
981022
23856
152004
449825
96403
536771
167555
358197
997001
512378
183029
558439
830992
117233
481754
211377
85999
757094
785900
39929
394550
854780
101032
685727
757560
348024
723180
61342
900489
476716
215927
881511
500571
367930
331336
596973
418905
498890
469374
930110
525472
652403
488549
356464
283840
484507
82046
369838
755805
382150
923970
150356
236930
25002
350287
508694
373026
587671
570035
273515
64387
785962
669231
564957
668096
567
676134
601206
13662
145508
531316
53338
312115
534070
924006
595954
18577
6052
479996
288587
388201
403967
953146
625130
943172
303433
648028
316198
405308
218063
103918
983898
518229
773148
63060
700530
287919
739193
301736
815784
398905
347256
869122
225225
881325
793128
821178
414107
799179
815379
702693
701584
733550
655839
326714
676722
473476
974741
507125
392988
707008
125247
376886
739442
412599
439945
439972
214722
693342
255912
30507
92247
603167
413833
317471
998697
721165
652854
927008
34549
982437
629701
736132
230192
799744
577050
421118
787424
65996
928242
180412
773003
567693
71502
512445
980291
511446
466621
195014
204788
722532
739724
811238
325700
153557
642914
838601
874721
809972
765609
423474
306614
909514
159606
536805
709258
736655
957922
10887
802650
400370
191298
89858
968062
262799
116508
948354
288449
583128
657572
7441
305661
397296
332883
145565
550852
975796
984165
939777
299973
749774
363251
606586
659288
37061
657595
882750
773715
615518
893636
90570
15888
599138
694631
498154
376141
811138
446508
664589
394267
104080
186234
214132
15580
519116
359696
566431
9118
343861
20413
309090
607839
897867
429881
267127
934927
87476
664081
222847
217198
71922
827620
747289
671059
522252
245444
47200
333390
206156
225993
241861
824440
926430
455992
840019
445546
815687
920655
968867
673752
455272
792162
281591
353140
222043
62922
802271
823722
727002
25119
555125
798923
852738
302414
984186
374990
62062
545590
222585
268218
771582
464445
92658
212217
920437
446881
657763
736124
881740
626630
924081
337013
932996
205672
690152
155039
268594
6628
492966
509800
31746
48091
308724
398689
864708
292910
287883
926770
838500
510467
194988
124287
489117
801849
336504
409554
762934
508471
659882
644675
649305
583963
495892
582302
303840
186044
251545
572433
192671
258715
82233
738621
306805
905160
137310
171514
712275
939396
612488
64980
449864
321680
703470
453185
123529
554178
862738
400667
576853
36825
559546
226159
134993
55438
322665
438832
241481
88414
525469
948356
347129
121906
201182
168138
541271
852695
853855
253546
792091
466343
832729
756159
788022
536199
209344
425755
604582
586286
826422
181435
623111
385968
921797
272308
441406
758666
711139
197091
847080
750812
659651
708413
872717
375037
876550
413988
227732
730406
181738
19824
196749
14467
775982
984771
64871
499531
410526
183657
85817
751152
365091
223132
651325
801093
495439
92731
559759
720782
804025
406839
471594
463677
629456
858516
352918
506007
272504
580650
236413
454242
114678
947365
982912
404864
932136
561987
904394
856867
745643
990211
122224
624939
213343
773548
426032
222987
866278
985790
943768
184509
906834
929567
162390
536290
788083
515307
42297
60587
95957
792913
29033
210634
740279
526150
615498
186620
88137
519892
43487
347985
24308
165711
972923
751855
939258
398955
974841
319742
384745
432814
504250
291579
362381
666639
342074
150464
696150
384370
725255
792107
177284
754287
516945
431767
794641
132443
618386
882778
166540
661873
744967
705051
341788
717890
456906
795250
116845
945951
629196
501589
892970
133446
307373
255351
314289
649446
920019
10440
548020
645274
316751
239508
913765
833695
671274
708407
480343
289661
105390
646882
465738
850356
866137
321730
568246
323044
116980
199295
783199
260381
215088
676169
908030
36665
445725
736524
686110
365744
261168
748335
11018
577918
987842
924782
925817
173322
147394
406160
462982
766987
567246
442924
617343
433384
278858
699793
270632
395837
899087
568035
170422
628380
244205
78453
665044
689929
814976
865359
569877
76144
613694
580894
654061
115741
19881
94083
289062
681479
500243
266248
448466
581693
709171
580014
15077
988028
279807
799912
898070
693099
367948
68492
835683
612152
661148
500727
816285
476124
366086
386162
552267
979779
481260
720532
609725
15345
814615
898786
696823
829062
165035
145290
410755
388410
725303
940036
890643
519314
739948
788713
726617
107896
371409
562300
234252
546762
577232
50537
22886
943317
950902
89358
437302
432162
324094
47027
447507
138709
945812
658534
481975
625051
318028
892730
13462
557535
832766
904104
76850
86919
207022
317671
194815
92635
394176
429066
639396
971407
993807
662282
914724
944709
265844
866230
891076
589937
913256
852787
242851
373274
511321
724825
998324
829349
131760
11786
386884
478730
430094
977937
565649
151320
809813
274668
243955
203989
703733
883350
175396
697540
59837
604324
156455
839884
470555
47531
429822
898015
414522
672672
271289
925842
911701
783818
269396
557666
309808
170485
550600
739902
662626
630453
891221
472439
905120
649380
190632
123059
532731
366027
334803
106772
484556
5462
946656
955110
567196
890682
367330
981717
77559
638619
421765
503464
422437
205365
61130
246449
375849
125935
986350
552680
756387
391777
88755
41157
215751
812975
88092
95982
147778
709068
580537
667444
655724
49852
234640
60611
417182
216358
138169
570005
152327
641632
992441
357691
216967
238890
247745
342901
739445
800424
613492
131222
825542
303409
686582
555497
116384
774674
651479
778366
483742
746220
445810
653670
796072
680449
714280
727458
411011
852448
297463
563337
8285
804108
435233
225251
557202
682977
82356
296647
483401
695848
942072
823147
999256
142860
892849
115641
917533
58533
408211
915479
804752
854020
83354
115029
48674
797633
842486
973889
164286
139949
51431
686774
944056
486663
912025
501259
169640
994380
312110
167245
204433
768387
990392
203690
911246
397446
833534
342984
455978
241745
772667
774934
609969
856020
889963
172847
167858
732449
146736
332143
386603
198167
18917
844863
684829
445146
860326
368674
953731
686641
535918
158164
455028
40515
361853
880478
437960
709591
223462
408142
465540
996128
183077
589713
852148
73040
762560
20006
319693
423500
866352
220500
621666
399473
579568
820700
844619
439894
703578
312555
640739
239496
470718
95767
794215
346776
976244
746379
56367
713910
154522
36112
224243
337598
625824
76391
924841
902588
610600
758738
326089
991156
979238
461959
904834
73011
796863
263658
512904
500441
576212
153644
254142
46930
763614
48357
393705
254064
794735
964276
482178
463461
388
706421
315263
140416
297016
754308
43005
421821
513047
883297
412977
6490
345256
317811
79500
142120
581468
106608
156765
157680
774455
410906
718814
52275
459262
112519
306338
768202
76795
788515
745867
591386
9141
61131
731802
306157
815438
289011
727977
842689
172308
140954
363383
517563
972969
442882
173887
68642
63695
330652
740526
352354
741557
459340
404628
715024
86063
710965
483226
677062
13686
229093
268448
22826
804427
514454
843186
134071
803464
571163
976759
975771
226322
340143
7540
713495
297229
695630
782136
875127
26282
522662
227482
282044
496206
632109
997067
582269
857279
994497
259331
385169
737794
41983
922198
56427
556437
765385
190497
359901
850752
681460
849877
77074
535807
857416
790568
347241
67251
86910
222368
93533
123776
449849
889780
619982
596163
401052
202251
453442
395549
975785
352815
647547
17768
275013
703973
574204
40398
408674
448310
891150
90135
812391
482428
625941
184012
787201
973181
251262
874110
709754
858998
997885
673807
748778
132072
269970
149830
334322
237616
59583
824311
590430
707130
842079
379648
925307
930487
420045
333982
378797
825399
938320
705392
822032
564261
889403
609233
51648
140666
483343
275606
999663
995432
949412
748442
127505
733587
412476
976030
971202
472059
85171
693393
156626
455485
132905
87113
389734
466886
980114
729338
919410
685506
551370
997876
574910
160603
49524
715575
158150
325129
229443
667786
788745
977884
309495
522332
904565
285526
7740
376624
600072
83577
584221
756697
53266
717125
358014
442999
698216
852332
686541
617626
537839
237911
615502
626953
912717
179230
856732
585071
18563
86175
767062
807308
578264
76557
843844
997033
876286
851583
373657
476358
935159
472082
747259
988424
189207
105274
945628
401627
957605
632169
19254
9649
384285
634755
150806
811206
328190
7538
910482
346752
607917
677544
668264
700385
754100
512109
697418
630387
363692
585279
620949
298852
57361
368209
801480
760771
987686
261313
162399
459496
407687
695856
983349
791971
844815
134155
117382
173005
655897
27864
33962
263814
219612
702225
478403
973712
214334
175821
118304
92231
275304
739252
905286
332664
621665
706766
607639
123556
482284
770037
583052
889970
465893
566401
196146
310709
700555
313527
997917
356452
855595
31879
134470
75207
734104
612872
563123
11882
681426
554872
578200
934883
460158
425068
70753
681129
32708
194309
163413
316949
291565
53383
782842
857965
763732
607755
72725
591463
605672
943381
447058
151756
592055
36470
885859
719132
599592
348501
22029
795223
417578
114434
244311
877735
539501
315063
558864
572208
23576
236481
889157
315140
804067
186204
173105
567799
308163
760034
159263
428039
217620
120525
579794
809674
156994
979857
528806
756586
842563
550835
66014
260141
665268
310324
652080
718973
625386
210945
291182
163167
961629
694543
478306
765697
394951
165616
847700
703113
925649
6963
131152
143269
127488
225151
467147
798685
205008
995953
555271
47571
60993
621284
821915
240465
445812
473996
959437
71199
199145
764823
234365
160774
459366
226875
440675
368521
392490
288376
71634
832343
295338
716990
975611
937029
942140
442759
735715
661352
952916
805190
708923
13909
940679
45043
254373
900695
519038
728014
486098
718182
492838
234667
393161
466408
461542
833835
834929
854031
122211
420767
686375
931753
137757
176191
382987
594101
133154
632906
255454
600274
952301
478581
614182
892980
523623
382759
307880
42662
110774
793978
275048
117816
28645
668208
584223
490186
16249
933356
858422
138459
354124
59002
70212
491880
749396
967403
85982
396755
600309
855639
997028
552610
334220
611211
959794
857842
508174
267675
414708
133152
61653
203961
250967
90297
872168
349395
94688
888416
282751
953109
541080
636874
12111
125496
642959
275711
92899
243145
672465
693208
98784
669494
245818
947207
794909
205613
319254
303083
473287
733962
436235
49144
937922
687201
139440
324295
550800
748331
726916
833551
701440
782200
984629
227755
907695
627588
503466
514799
384937
175931
208007
483720
845424
968028
945131
640333
687845
264386
457621
161132
512552
893855
724479
964678
95261
378124
288973
646061
126455
530093
479612
827895
312293
978445
569854
734193
606034
73320
248992
990970
249251
4115
608879
939230
934026
763417
627076
712616
221038
302412
225168
114893
26892
189846
724357
405015
993023
370418
531469
37321
364234
873568
349614
342680
443423
598011
462918
516742
847002
968092
280197
332409
471192
403281
271639
919423
166698
412919
632039
387735
715331
857207
16832
256427
561257
741188
175646
68485
625811
221319
105806
990044
94888
969623
846928
52515
567634
309846
83461
928840
792143
877862
261249
263335
281143
47092
182758
447840
460011
814797
349779
689546
186209
880814
460177
261670
622002
635822
330155
762017
857140
435960
752062
466232
405583
113195
32951
973216
937245
116412
416261
729388
508478
677509
992722
789620
724600
689685
751664
698815
18687
615647
388361
719099
496461
848537
980768
632667
998563
310923
394685
855704
261087
660951
836140
666669
774145
383296
154090
711390
499707
570350
954982
522389
762063
461910
312009
486664
151595
577877
185479
170281
193524
88045
403584
689984
936581
384352
322651
935145
209480
717335
305054
470566
378286
655398
651440
666636
552898
319734
378026
52605
404289
333009
89198
166352
309123
401206
167220
460717
979082
866903
145202
172606
954947
548785
376794
405733
447341
699445
855082
656820
930984
674340
641591
823475
843943
807235
490111
396841
641173
382341
963650
559666
229554
52848
726018
538676
968258
407442
999392
947340
788549
658798
634151
743496
207583
10945
663434
169129
224594
32721
340153
669783
707061
495948
493258
65209
303183
983368
462049
458561
365709
939903
18227
595263
992751
258449
133939
961009
180096
647536
422554
968644
820538
570909
712141
542326
96059
889779
711454
320652
922499
51607
990434
143765
547555
997896
208973
364942
981264
185227
337707
861178
125130
355934
970645
632085
128587
618788
107299
308682
266324
44058
277327
86863
614966
503672
629188
711024
393451
854846
545881
830154
906452
50520
973919
968211
48417
697096
847358
543885
882322
185065
405063
521657
55203
889912
667946
183790
508701
775245
492471
289229
819302
769797
890295
948472
273469
519483
173702
181124
888533
719582
11279
309191
284306
985197
277402
846926
196498
638964
390812
78821
824029
310079
114682
393436
199992
782627
577225
222897
557872
69697
512125
891378
353698
402421
354056
141372
436108
527757
322495
324642
761543
847977
633832
45849
347379
425438
406980
543877
578607
311996
136902
402636
622074
251583
796071
336270
34210
887501
559166
106287
471402
71292
511869
825099
987916
865924
480675
424024
393681
317375
748665
155224
165352
896701
715277
512731
836344
122257
56608
414951
434252
193509
331791
570530
445091
642066
421005
993504
529567
980170
99791
969
565666
125865
340273
67787
991788
820947
491811
385470
138322
754680
54898
303674
651382
770174
330609
487726
406635
387216
902676
355091
94929
748671
925621
540019
390737
346626
47728
920304
841000
661723
435477
920871
787587
775749
988657
779375
110902
994672
679049
763427
749353
248152
581305
400735
18326
911913
402665
939165
813333
819545
294256
908261
568216
734081
962484
958952
594911
10213
393461
435912
671935
828938
870987
973726
118892
373849
753101
743997
368522
946355
507425
117875
194507
88730
32814
727036
514848
435478
666201
328181
769227
474662
236443
851647
208743
198927
324804
803654
723343
718265
753770
395278
61408
138962
883208
694503
512810
150515
438501
881331
96870
460130
513410
805580
548859
546223
532616
577911
495905
713022
906092
779336
187684
142535
630983
910630
855665
955787
228489
579009
188257
982258
488491
763868
121220
371700
458371
148235
36419
411076
543770
133288
871205
57181
453072
934269
117608
985687
512180
127718
212914
418272
907053
914801
75011
52242
825432
930676
522233
568125
23890
710489
550384
26585
988561
185808
398284
446932
334042
434702
858008
392017
82194
729213
449197
535265
177687
81009
35158
689867
208726
762275
108139
629984
677077
697354
196430
16714
628030
718662
584838
166124
943355
649426
192708
931916
835234
105197
893052
683480
54103
751060
75497
136297
994478
38898
185766
172165
634111
220923
376236
357041
983198
998579
987024
174480
695933
697658
191193
323963
416320
290235
4291
873879
939661
196998
805795
289100
302194
213053
486784
356297
478317
76486
6798
472795
629587
192563
159165
263698
927690
49605
620739
425093
48184
121968
113777
744116
819626
304969
582283
235946
109408
586573
624030
49069
297776
429825
852372
599969
642877
339157
470470
121195
929846
991471
108194
559433
184035
781562
337336
625929
831167
958074
565226
393555
80042
679002
137672
413872
498175
719954
164023
607582
820732
788052
170856
118508
732081
23228
232681
889163
876588
703151
10358
320639
208827
632755
880072
907065
928522
217408
532994
273894
689686
98220
667448
769727
291426
805119
697804
789600
39279
861826
397183
860010
649878
82243
978517
381959
619674
211198
271122
10468
428553
795683
331106
637380
942643
211178
544445
871165
942789
591644
659263
632475
204068
326711
916407
495494
646035
614211
799298
685313
476037
710685
59528
640119
792927
38045
22078
412602
763446
807404
423069
192000
603087
268379
343584
59935
479557
402233
931099
936550
993876
104567
569026
712149
945482
999637
721847
591517
613848
521145
791034
604089
231831
850561
758412
538962
888605
780489
465768
652051
102098
403041
358255
705185
671420
701838
279324
665181
104072
724628
601731
36474
684961
324301
774676
684598
46148
880397
812650
81498
671431
416739
827532
36197
175151
366494
439006
469845
346467
605262
571942
749507
963516
791331
935131
179560
70656
600312
797835
795283
202044
924191
138682
401209
248493
913358
85808
808844
307960
898457
404546
493596
829401
232078
529792
518756
112777
968798
988600
459243
88265
74748
208750
565985
380283
658086
745544
965142
258398
57584
274630
974645
981775
927516
375855
744472
355079
461662
67521
663038
874323
472067
156634
703724
704144
200631
222481
816920
683633
725285
276163
771897
314237
999117
337882
694520
657203
597631
173867
429805
169419
962701
404451
151194
890217
294510
895665
245296
270376
477391
908333
144699
949457
579172
848423
653601
779802
585108
984726
463435
310393
775093
235332
624630
774210
87418
833354
945617
199253
521425
889627
368672
484126
294078
519865
888547
102792
929735
133843
373167
407126
556381
517865
870787
135553
880492
38593
429559
465600
23319
892993
290198
798412
642529
914827
86827
244151
262386
546649
443404
298015
436276
812075
296346
244558
331940
184893
347349
775879
832940
234720
697209
389321
266789
567996
39078
147282
606589
982840
127086
144112
875833
417283
456728
32567
846314
543555
276717
108700
604408
720120
920919
554888
532195
217265
799445
378340
402157
660998
668423
235097
409922
365633
138622
676710
447833
691903
823991
568626
188948
951077
712738
578985
368360
169466
611551
214675
227225
402473
837578
831632
122593
758497
386520
168993
975761
700169
61537
892123
875371
729959
641424
285293
609796
294251
962003
571834
986153
300199
140460
689306
765480
853197
268291
133841
536868
879842
862719
278297
282315
214502
109930
919111
487204
10654
602308
977169
225028
663844
869292
614603
393804
510717
899896
517804
319172
376104
89638
819529
676302
744302
508835
955987
111704
777126
604032
648571
171173
466751
926868
967691
195457
551002
886802
682660
75860
489111
659830
300887
667159
43327
915490
575167
68248
329591
92972
387419
705694
696813
206949
896200
441115
229988
366392
552819
7114
970423
715594
178286
437174
642462
660181
146836
707668
546984
343700
783528
550299
517734
598619
217458
561061
28314
792625
143513
357904
399801
45137
577802
96614
766289
988207
51934
996276
354599
604752
517595
325023
834550
210085
276401
477013
870266
937440
698885
417250
281141
482413
481753
798874
595237
213415
874139
623550
520244
17653
495659
920044
62789
73461
530863
829077
575872
97001
339558
444676
215957
857152
769698
50507
67238
560303
41724
937503
497744
740609
868957
293089
737226
864914
91963
332463
78329
966102
956013
598573
497959
451672
32822
74952
39337
77889
418233
615209
174889
757790
59885
390845
614943
343787
955556
196385
418294
997279
133888
430242
737888
517049
723330
989319
381963
329498
321782
460291
809804
791999
573068
821967
757875
605890
896918
797212
197983
315151
926625
887076
72941
500714
277921
202088
358705
747681
398472
776998
744961
46564
721445
997053
563612
958979
986372
945574
802681
822359
920070
126690
614358
493138
948656
886438
613232
845574
683650
811215
674929
124480
698291
262075
625193
490416
464162
498102
238098
376839
789304
497263
937606
510749
8521
15424
983933
994893
960997
786614
331457
395272
913304
460019
888410
861960
346457
15847
221740
544311
341266
896668
668790
39557
158743
808187
44178
137110
306289
796479
28153
609798
293742
965758
120547
302262
981181
618684
811359
456384
405299
657020
851655
832807
117040
254270
208972
463496
784321
430711
522012
125587
841584
190802
165144
514531
513194
723525
165845
333687
520004
193997
943484
327950
673960
578236
630211
169346
196920
955775
625729
116423
612795
991589
949229
729834
760063
158202
707535
544384
103117
229547
184176
458905
934552
863523
973436
961950
587048
139281
295638
107052
847482
239122
435001
521442
817357
579416
690787
14278
49396
830721
644904
662191
336515
594134
906229
610782
266540
127969
155167
883860
871719
853546
342766
806272
717069
830406
282427
304117
969686
578064
925372
331373
817186
360373
852814
148748
453993
57807
677229
503389
402732
322134
679784
739246
430472
586013
350028
697011
713982
19399
580871
99906
872944
437841
420382
590013
268247
702809
408334
752138
280873
333706
83511
612263
208283
450530
761011
662276
22541
952444
165665
425272
274578
845448
164518
705049
945665
514545
916264
173852
48149
497136
273758
921092
449181
694139
25311
717428
396948
433644
469566
192026
767350
67281
804288
975632
517810
79504
637908
540350
31949
317777
479826
820730
677429
644343
39985
137300
673093
956248
311151
721241
967588
99113
642333
416770
307457
181848
648402
218609
615492
632172
410634
382842
699452
729127
358474
731467
808630
510587
786021
354783
342568
265848
689718
19998
424395
729702
157297
97488
200155
982651
332933
681948
81765
489471
98718
903425
671318
261324
122034
286810
893495
532668
669651
107152
45298
838618
584629
52917
138845
453617
395484
918896
143335
929685
343291
387241
86982
954983
587395
583838
287916
269343
179807
777386
882264
83232
448705
143588
205265
735514
551287
252137
405166
658439
28136
947495
11262
612765
412
150106
580586
395895
69002
723920
325581
926497
625365
926766
881480
212760
24809
169396
996307
718819
946782
392776
802050
395487
50569
521520
131001
601855
773656
50371
774498
315997
997865
785760
928761
512481
450070
23552
908376
33277
747471
748161
959773
887040
189132
841253
614004
728145
524853
610311
446964
471635
517292
763219
867121
567860
284739
512327
683919
572599
562697
458418
888595
74768
758382
331561
587248
208452
355112
9829
241728
616787
757989
201501
503827
461326
556958
632036
703675
81812
69243
553446
273843
428062
934772
355907
227005
961303
39827
799604
524000
12449
202404
598767
770830
48170
186016
493486
917485
710048
735214
48478
468038
450919
66509
443568
7878
698544
661447
603893
455096
326290
157339
728938
754352
606315
84846
981356
567618
638876
295165
605823
165529
497569
718794
450563
59943
419014
944048
977427
129063
679262
540109
111305
644386
606618
69077
652263
819366
730523
256156
274462
56813
927698
3401
325369
48219
602450
306726
615836
755530
601890
735863
921058
613663
968862
371621
187810
387876
829873
679442
516938
23341
219551
142447
667726
340373
211523
834193
159740
456250
90349
434201
513063
532251
951805
838431
580469
68460
659361
710510
823989
775456
960577
259252
903323
929439
145077
91134
317316
974950
284780
348458
998290
504330
5110
180221
844703
216632
14414
518647
672882
618966
952847
700149
151217
418858
52785
245891
487317
712146
470605
825511
1807
431182
598967
905129
360622
744044
96789
233199
795246
540599
745693
299577
545708
925913
658484
276545
940326
177131
463631
559292
644182
163780
224713
63040
730768
470603
64562
957118
941207
890072
958924
886594
489039
864054
247216
747287
888725
439357
980485
683972
494160
726178
497753
39869
652091
156237
316413
106622
847571
294248
665913
5958
972231
404831
583202
702999
875433
647763
660118
330846
52040
619042
731644
55283
997300
978859
316775
886026
932420
297260
84203
426580
537643
581955
980652
703938
252396
297065
810560
99967
105517
990677
620128
77748
395508
203330
780747
785146
365297
955069
630196
417336
88316
361840
986823
85617
340699
303598
485847
787323
115062
84254
213903
166909
666208
194556
870847
918603
5825
195612
532774
111342
186289
152902
189089
581797
356232
484040
366943
721528
439109
997138
653069
527425
873182
639892
127246
213881
457694
613092
1204
86960
211550
729310
253869
877757
923865
638920
796360
929690
834531
843338
555236
20820
996239
744324
602616
866675
228365
483763
102409
181678
995105
755477
709102
868287
909573
836347
596372
881471
963643
111780
968430
175193
841090
736503
52950
764955
375423
363514
208850
209954
206852
278290
230774
717296
22615
347594
98176
765183
831357
200584
461065
340667
956060
170168
208955
379838
6515
319531
261309
970158
431311
229740
145351
272401
966242
712505
551560
341666
590223
274615
551619
311280
552904
296597
28576
89723
644191
126751
369110
989752
841539
830175
330419
797599
343
53578
177438
521061
887313
952950
5424
318624
182690
664979
105229
663137
377484
170993
519007
481911
959811
584830
793190
512716
881427
335970
116643
39823
976925
485753
29575
818464
830132
874197
616063
344679
441980
307705
865739
329293
260656
871163
162121
957549
536142
267349
134891
427830
952545
653897
909740
912357
752932
217136
939277
62488
55920
188386
530030
55877
217960
348494
400213
606361
478762
744891
48341
300671
124836
891837
75531
995998
53958
33081
46345
835510
167971
988378
302261
336073
412323
728822
89005
629458
668099
723363
696768
238223
911748
226798
808304
643912
89497
208517
764477
82463
467613
327023
897337
592448
218860
972868
102651
787022
5949
663199
622532
688123
651577
438997
24196
578104
167819
113200
207563
835917
350767
418535
588345
776719
159537
396649
934835
763237
119370
699313
845699
586982
26336
743037
693634
245195
715905
796284
546421
236058
459483
683158
924180
625264
122155
462581
203369
289974
575780
925135
640095
440752
343670
228440
217471
503206
139293
152307
266444
772867
365824
626347
874053
392159
883588
567688
151558
599493
363972
212184
349755
337660
895341
788140
962923
17496
250721
166292
307469
340705
91427
461769
781456
949300
690208
998927
452507
343706
665438
233155
630777
545466
859501
504830
451829
743090
72518
117591
856787
950694
329774
206543
288354
225115
508887
251277
242611
759607
931773
64284
100312
537404
526052
881768
486705
730465
394900
453416
588375
574542
686570
219152
634212
60276
723981
86041
803365
310704
203631
174358
261398
533405
380900
63956
758519
403991
829436
515334
163598
761209
579618
263909
812818
619874
659881
299523
864543
568985
752938
452918
657731
439508
672069
291943
499783
910255
377983
817353
220959
581614
991710
996560
629223
886814
574720
901946
290805
404156
417281
968606
679570
511103
746719
492388
130977
406601
791910
509725
489790
59053
962642
147522
12765
148917
439464
26752
59172
331652
358309
794334
427470
350019
305099
56693
751037
879818
958638
556046
283974
890123
524652
477748
401226
271372
970135
46408
192177
276250
556132
681966
849506
32979
829487
862270
181895
783156
403227
755270
114808
761535
63809
542277
111555
368907
598969
376796
248725
71812
932842
46904
476140
457494
524651
391570
728865
8992
437977
921041
285241
508313
117213
648952
55497
946699
511222
751595
244060
914448
506866
358867
190189
84879
901143
301743
453786
14317
192743
216715
600333
125585
777822
76473
583079
302474
468042
826148
825669
420224
261395
625114
928536
378607
274066
498237
839510
299493
249833
597775
213941
270903
956641
918333
355781
371990
734280
809566
900510
927023
540486
500843
52608
318308
577315
149891
134986
45358
490244
960654
979785
265843
585769
422526
158654
374039
920763
998163
673531
170596
110143
401677
441498
66785
320010
797278
952978
54291
121050
853488
981313
175740
354332
548125
494047
445851
698016
143238
5413
702464
103892
76271
203865
407724
126960
577904
328487
639327
251435
499082
749470
653111
454784
330459
487326
252062
283437
541616
887315
136925
522929
63055
5461
71054
71307
451312
283274
214544
456724
499942
318435
441922
468248
36505
363850
595207
614408
692336
748739
380047
705622
12414
547363
674610
342872
34689
440876
626308
576304
328192
277437
613437
905450
797102
198695
976756
248414
996173
191300
219342
496115
23940
175468
964363
60444
539317
73775
189056
745857
822513
569102
451479
834926
116465
640293
692002
665357
81170
832514
241661
409361
109952
369302
829015
421258
567997
805772
669671
564170
511276
889012
60285
535215
64481
24648
109863
118002
612627
298918
863859
949344
382225
829542
784271
498689
469836
990477
678251
551005
822992
919911
474570
447148
289214
303585
868405
371415
623561
52281
935584
134838
941292
510073
184257
519977
48926
294120
152184
661552
107242
16043
610896
489466
359789
909371
502360
829624
899849
180611
894833
722841
614726
883607
684193
418144
701397
552598
789558
324958
604878
239347
973999
60375
263625
672461
94557
312550
480785
246740
974101
588026
776986
99202
591697
136775
8574
608261
480604
422627
788871
375437
659672
917801
259045
343865
335946
474646
896462
639708
799603
15545
393260
287808
75919
656884
960268
170475
483638
441053
931418
457739
543283
708404
71145
649184
359384
593922
257445
839987
16549
46316
729628
676220
478322
502877
20085
328472
977522
430751
482384
291331
446295
875643
579138
59197
53611
206893
530369
8868
652516
502312
552150
360920
573457
201335
720303
681583
458779
74495
698132
19300
804123
888556
497621
307000
422846
340297
284523
853596
822680
90058
814096
212529
669195
850514
259260
722805
571611
303834
245877
224127
320350
798026
99252
408011
513565
333759
89595
486549
408254
787726
20053
212377
676282
31878
33581
613332
372174
832307
981133
194854
922364
795229
407382
591559
159948
180847
828568
731558
998884
74445
469890
319234
386676
83346
727245
414445
417104
816839
415198
825357
604565
949454
551938
795051
981331
585519
408384
867709
417826
389517
62564
340191
698950
984149
445954
373102
679200
788727
618864
678084
377376
88754
511523
278256
172099
238768
692701
589203
55607
622103
928764
174376
571558
480703
483631
552889
580426
406219
934803
998251
309940
511571
852646
523094
495720
812805
896195
689125
601532
515060
881413
493112
603813
392936
771368
290117
145908
978273
393524
201514
600376
836492
890093
686138
317195
887929
239028
411825
294148
173831
924281
118293
685401
776927
641386
695325
103937
537582
898654
219673
52642
294273
712785
170659
687208
484153
974979
833116
462426
882707
548834
577006
719200
953132
263145
550599
841061
16377
962424
649413
704411
886705
767705
904016
177837
409092
113546
281774
460878
12201
15651
513519
820677
728435
198382
507885
726792
687566
855205
703422
570273
918244
280429
289473
871376
543573
840072
226642
74154
802496
876054
778564
203406
157965
196785
381242
81261
310330
177220
542138
836734
192871
569861
657411
435510
768242
679501
162303
455808
534706
865724
26082
967154
660357
829758
352735
718134
669830
579376
792287
986530
969635
570851
189936
127600
767635
85383
208860
592170
776806
265202
428904
969676
835062
86316
919391
117509
280021
595898
87522
328931
461622
627807
296086
121980
457565
648820
354318
127396
742401
146606
628130
712036
231661
332271
353840
513501
417653
76904
105671
194459
342105
48779
678340
177167
649298
597731
808879
929318
707833
896400
258250
169455
524207
554335
805638
981772
717359
159957
623372
459760
820766
251502
686000
52427
583772
554044
565927
515629
145152
185802
710088
487256
234581
902632
178627
883878
14568
987506
813197
722400
883906
585651
406059
922318
654190
725902
904090
371549
400063
41667
345514
220829
293168
545718
273255
391145
99763
353387
420978
244914
53393
645270
246375
287973
547902
939205
686056
76674
926711
13458
799073
324823
599108
719337
761345
253298
445239
665435
139051
845301
707101
484564
580334
514473
544487
853588
419822
644249
721179
355005
403367
774572
275
163946
576749
548177
103152
262805
624850
544067
276262
938128
383094
389574
657465
144439
157076
616908
324078
296127
462209
31179
294895
42543
59857
839381
410335
993882
997834
645719
348887
915406
934495
349162
79352
511244
411543
696707
288254
550597
240775
78720
2930
623868
468294
174599
282512
625369
791506
46684
767919
151973
244800
324666
726033
84181
249206
719915
596220
894924
583007
511626
343624
446373
105182
854867
857915
801889
143121
922716
556868
736045
925646
694940
204339
614449
977451
343912
405956
98246
293817
173875
250218
538616
12746
976250
622796
261951
210370
733220
671079
793376
244846
14703
239749
864232
383774
611868
180326
41100
48790
251398
777144
488640
946337
981482
103089
437994
839598
509044
536239
133415
197124
300661
672030
724073
276911
809031
986023
487280
542251
171307
794861
301302
186009
548814
679738
569782
674887
860063
610881
723676
111461
388025
212316
572002
883711
829608
524200
723310
338653
60439
370929
49981
361099
557164
774053
152214
366195
274281
153699
422650
445587
948559
238156
631595
11578
917893
715581
686464
292161
840667
924344
917825
228692
136660
4033
626608
480473
528232
349918
333330
102876
235051
383310
978178
792214
671567
130393
672613
945847
284091
609468
905638
746854
847623
537233
758431
279722
767018
959100
86087
607685
883444
518117
836377
534309
522149
977189
14782
50381
841311
348111
153256
76362
245625
645639
868576
917191
776031
55394
377243
574326
664861
282881
835384
512485
334318
108020
306411
101336
67120
906701
709021
464769
424818
59603
999077
946966
36792
13859
511552
878102
876173
179012
954463
121798
824650
337244
38989
114886
392638
416231
203416
57499
699111
38800
84188
33429
661024
904802
648968
728143
811504
357989
192912
750526
931795
706193
211698
968586
720051
723249
360893
596224
416465
829561
718021
755320
681009
271214
870205
73647
201649
587826
645350
414964
626625
243742
962596
801853
148545
611565
529997
474253
483758
237113
738983
415554
457511
950680
898344
691766
188134
259238
287991
604599
603003
520216
359919
284012
305635
744328
871863
507283
332154
517213
436452
472984
760954
399048
274837
423703
10613
319038
412160
8576
70356
151144
424129
527866
101824
322473
219632
804162
95915
21827
408761
213122
56248
282884
497134
361882
541416
368997
383369
387775
400414
819820
860758
675572
218869
649799
99276
743685
483042
25640
752260
553397
176783
690593
595467
792811
527271
815098
40129
351130
519938
836307
407377
317026
847645
283463
858441
216642
666831
760420
131260
857
621178
806831
733929
785182
906106
477614
268224
445951
744079
335825
622733
434672
931291
929748
961942
260594
40926
99333
611723
75068
449844
19100
392093
297489
816766
764739
28335
483598
525159
159594
998658
660542
966424
732587
445724
386736
210201
228152
832686
954279
563976
11742
495267
413577
379303
755860
968706
478635
367584
43775
928478
900887
435867
740171
717654
714810
282710
715456
239970
956507
714114
414716
437137
446701
860439
338077
171106
602795
170763
639590
166771
654590
542746
176242
582371
922048
446306
551078
914888
328094
594852
357571
228982
544923
97743
460840
259734
894656
690500
13908
851164
404614
428623
288301
365519
803266
626377
536624
406061
311344
690418
87036
480138
747368
263277
62510
183622
709582
127792
98510
551881
722643
456080
780862
781770
68027
755906
41504
962683
446406
569615
328052
365224
998237
130557
730742
801503
756933
781570
721768
582481
986193
808803
62619
733561
586284
639332
917182
810071
767123
529896
361952
3971
500181
142814
785741
568207
412924
341449
45095
859329
911064
373146
738757
423506
503702
983703
225010
774839
279478
460982
871524
265671
269786
448348
999232
370274
601884
430619
180345
369008
474720
542296
887182
974900
199314
187128
543107
612237
528577
102407
985770
953845
989756
238732
377351
493459
222435
116565
782502
501913
577547
654027
767583
361537
616579
281020
731810
218463
225844
912155
101675
700563
454451
988857
675463
167970
690189
732774
780206
218766
835180
280182
686815
824937
518913
64167
832600
741348
180731
129307
757465
272482
297538
525048
634018
914116
320273
880033
132580
546116
792188
748458
760883
760843
737315
950550
928812
427505
683324
223224
160475
32710
17610
361495
857646
50727
425661
204451
306279
120596
333757
63744
393078
145500
102997
541300
59616
423269
421333
706399
483589
727725
454858
758676
2774
706377
709226
931585
648086
392550
669013
322766
939463
200827
684260
311314
251554
109921
515764
557832
744720
363726
621576
652002
509225
238777
707507
83045
662045
128840
789444
659838
370770
758506
418514
373543
464883
127740
819332
627174
34494
488346
949939
973957
203377
634199
285271
454930
258324
315240
526967
517248
678965
662747
169251
702394
901523
390962
785438
563568
34006
89087
737610
404775
847592
156124
778317
826680
798067
111855
453854
832560
600200
403793
320722
317781
552196
120198
772711
324724
435437
813882
841971
628606
476629
525426
331000
378152
916387
630642
455924
950393
719729
193534
869372
567321
863861
647690
908205
661928
759544
362059
8693
873948
765851
329415
191729
832251
449612
478644
156975
399253
292526
513151
542063
769154
38577
873062
661510
469169
17909
117434
933766
737637
310967
803138
819163
174828
450828
727368
836755
724576
603632
359653
112729
883687
689067
818662
715939
652883
811510
387118
566340
104037
900268
108403
387395
453050
495669
48906
436423
513577
680543
370189
765419
991510
173327
584582
680542
138360
826154
31503
377140
429786
391155
489869
313474
80222
822735
543617
247309
634245
930734
813648
252486
345208
922050
154086
312462
417719
717195
748884
445500
397738
119073
210919
903452
806603
309705
583995
944962
135860
615497
322103
79850
6652
326176
907527
601077
148911
451144
362590
297360
896083
690442
549846
241291
126697
703931
553752
58620
421126
302636
504119
333068
935912
715038
236521
742515
24743
820515
201683
674806
950216
37990
268861
956867
364165
176388
72149
27280
627532
948942
324639
523615
639384
874484
279110
766080
92620
347066
824699
27950
163906
328818
361018
99818
558060
597538
356537
582803
932257
558219
771813
882473
596208
40674
353545
474577
217062
425693
501856
358798
374635
826495
396617
528223
215184
675726
294303
822008
536996
119002
849957
700901
962023
725179
800718
520084
836921
671459
102887
769178
229679
388904
651651
340091
429578
519400
814668
160844
459297
316524
519641
833931
657223
430462
362154
386612
620392
170661
208620
157388
289662
58577
858288
251686
297961
173211
771769
134882
844669
388860
904060
588552
291968
69916
928643
721545
103521
257516
396593
562817
88244
916233
910953
745467
860899
787311
132079
481291
957972
854902
638678
761838
427683
11171
13524
725643
184381
299497
860525
543255
202561
278790
646011
75049
574654
730278
966429
346374
126872
529247
434618
557309
440200
180085
418209
227511
826367
899499
699687
195474
52383
461526
623156
577757
989253
348800
276343
288751
723529
819597
5516
516523
465608
500044
70510
744527
860066
900840
871398
903517
849662
428707
857921
543951
361120
599636
884522
774824
299324
79996
827206
760849
703152
919167
750102
566156
195510
553057
803889
529311
558573
320412
509124
572821
214048
577795
317348
588318
4622
6040
842502
131658
863960
386453
6982
463597
270976
781805
762920
350971
123216
523769
568327
42384
788075
134483
237893
341133
938371
767204
899705
772987
790532
986730
501240
368327
304079
89558
361166
7029
95598
203668
652890
473762
590121
659872
937358
375301
955881
214483
240476
79098
252456
36971
40532
457490
873577
381664
395862
154986
795573
683053
945517
782303
184293
313844
600586
788055
675010
121820
397857
392882
774709
871618
983002
948785
323182
872507
904667
537664
112984
497969
790120
921786
619449
830651
379276
7231
726519
289342
162217
522092
486600
621938
818599
670892
449987
419186
973151
639201
541005
371008
32083
829918
756831
529290
292909
80013
401797
197576
617676
514780
695544
922000
436566
829197
266856
330047
350632
993374
619388
27053
29671
105988
648991
848270
291085
613182
781660
778440
252383
836869
149449
284465
666787
906279
813754
959695
500496
215552
671475
632376
730331
881223
554377
681102
224625
821232
11149
575257
814607
144741
116514
358482
764933
765504
720956
570222
378686
502616
348662
631068
339485
498110
429738
520477
918593
243492
994376
933293
459043
180057
565670
703579
61280
120047
384681
800109
455483
910033
889570
784294
568978
6084
142777
333911
285793
863732
904132
664478
366349
766999
809751
220038
779313
753693
254719
697907
997184
763300
145405
970432
943356
711074
188216
518840
345325
572896
833153
800808
997133
722723
585102
566111
728807
727878
414227
14600
591611
318359
193282
472164
599562
517237
206406
378876
270930
975329
590987
268115
738629
736391
752751
196190
447466
940966
715029
306995
28067
62388
107803
25200
785110
692905
105515
513917
934987
519741
42721
40803
352305
236003
27171
951866
753239
233577
330742
538374
208906
921728
806488
461739
658120
73444
657928
619790
528614
887161
926784
556680
949548
34588
96084
734659
241697
201598
762780
690888
721339
805501
731691
587848
555708
758861
539714
823151
506642
870456
361525
229752
306389
682217
205695
964508
755660
863622
98503
284274
264989
25288
355158
214537
574079
451241
463400
329980
652839
740385
20868
888382
60091
266763
476230
615798
539829
530148
438949
560675
400604
314679
790427
706993
996895
996121
185706
752556
373949
284209
551034
638937
823700
906192
367678
911983
357433
345283
241963
524476
599872
777034
927062
659962
558002
917496
275760
97831
447645
228913
172710
848248
543591
963136
69446
54692
473463
769356
807247
361616
567769
872485
514757
391469
292882
396639
303452
164520
741921
59619
203200
341793
350857
130263
515959
908858
47759
305923
520893
9608
534836
693603
372061
592631
170944
441506
647322
158611
725066
968773
520226
292835
355464
549187
684303
648345
945826
501959
327069
201952
75782
530269
57950
426639
660531
573908
849701
222494
879831
370595
232102
928871
578402
604162
35707
749345
559872
197234
907956
284939
680211
942386
577773
549879
491574
776281
198225
951604
792444
525293
153556
382431
55562
725709
323274
230297
299618
172975
452791
693653
57774
199097
136729
636175
317463
172435
899725
877334
883872
807681
676477
564084
264272
768455
113963
755845
544736
826391
221654
851384
865889
375210
233815
435655
615123
557088
665952
914740
730063
632947
122598
302041
346248
259326
938216
663710
945965
352146
55249
829837
159827
731726
908125
938302
43426
208353
559121
876888
430006
410505
742777
319420
158525
692637
934543
715612
872793
849283
959879
505740
486086
261921
366192
745411
714341
544106
691376
66487
599354
35419
740517
331080
943543
678819
345465
994040
887171
418790
870929
831382
829295
613706
150802
502024
306343
85345
217636
179136
448833
691720
199080
934918
467845
79476
194534
182186
623581
400115
762876
222936
435533
17598
68220
379076
210621
927889
373117
611997
346679
758250
443379
690178
371956
108385
192202
192504
193730
924042
885843
156767
615762
599128
605889
83607
678603
800422
779996
302185
200537
57077
39325
636069
74674
621748
529350
799498
549637
416671
411495
410521
174921
369078
100699
61081
477463
807105
767788
671192
731147
653632
342163
346909
252760
948051
944719
445567
262678
238920
261956
977419
295996
301280
127693
884873
437233
657042
684371
986869
587917
610071
397390
277042
979148
12294
338123
456611
819398
105911
642007
550545
273747
984169
411658
40711
446425
870581
486278
709103
109501
262438
686522
919700
563718
814214
804573
515155
985461
3149
89968
613219
413619
364625
592368
425912
702747
563183
245310
322862
205191
310059
596609
703564
721716
637319
149990
106502
637801
373297
216002
900239
574023
135702
978161
902441
454479
493316
402107
457627
509544
489690
585051
923162
854314
691623
863278
71266
254806
622792
394127
974200
932850
990735
677765
168771
142260
341959
275272
780060
715255
5478
680299
289278
141179
658460
705923
109862
665980
108031
567489
175525
597720
666744
98687
452034
358367
476170
523299
127377
98962
431630
101578
546017
422366
779342
228992
564625
121301
18469
858889
350760
23946
539189
154242
679329
711853
860164
789190
377834
968194
870883
67563
80119
537627
680453
46357
410198
156623
569655
537575
769789
515490
153357
315806
937855
932698
544797
16685
568203
563265
389778
918962
101416
928966
587408
780744
155025
447572
84139
47063
929971
469227
114625
10090
6854
795077
56447
931256
465905
140306
983035
235694
655795
136392
551499
593650
69090
610500
124539
151497
687970
514317
584663
303590
957487
172071
598538
626716
133847
682676
187983
63818
151903
302607
73908
672961
611889
644558
604217
591998
784863
587252
827691
440659
237848
893394
548513
821141
18099
187257
972637
706068
701573
71505
9658
173265
757779
608195
314186
891625
805076
502168
955443
471183
318980
63261
930868
188113
262565
522866
972975
364021
864761
927838
116073
758155
476352
937213
776253
663608
909850
996526
879385
495559
520388
566854
253338
642788
881039
144964
447864
383208
614611
433251
702187
158166
91600
147260
860482
868368
184330
347662
746594
563295
275501
862666
321450
266057
799880
611907
443869
223935
122638
837458
719494
643026
404312
972831
285814
799556
117795
247882
696968
246610
195337
913359
98521
60619
779461
155305
759152
127124
416103
836651
402624
278769
672305
182885
78649
284212
626753
816788
921054
464211
536282
564080
382727
509113
364098
182283
141113
126184
879250
387722
321520
792609
306702
122661
367432
600367
792169
640788
727490
208272
477439
644318
487040
149744
827202
79894
948160
968159
896681
869214
432370
947167
947498
329302
970484
311596
511584
111597
951983
905039
89993
211853
834429
910367
93490
434796
702536
734277
676491
910807
725921
320809
912052
389869
662216
506150
338029
630375
917035
721447
576950
864202
668945
906251
834686
494745
932039
460488
446728
837078
988215
234436
563136
822644
144803
656625
771644
847339
905106
448135
272351
145232
283149
698607
535101
459569
204757
387334
604148
635996
108782
695302
500198
291931
115758
849089
786676
47798
309577
233404
399080
811996
467839
962215
634640
126847
133045
920488
974185
552356
882828
760740
697587
680181
459348
746892
139750
178309
134227
258102
814305
757212
953404
828707
49143
583366
192001
350023
631163
15782
97632
544448
827777
79675
78900
206521
153913
897110
694910
706268
779938
455651
918059
460119
429203
664952
114073
607511
799178
886378
936020
70595
353987
278933
633941
937353
470933
983964
568516
486715
595800
627168
314492
675474
648036
291114
881995
801948
188224
576905
22421
482366
546760
940479
942484
975962
605431
570761
97679
918813
457139
547903
989407
811126
826835
137554
748479
811973
121518
831199
298688
231522
458368
127384
906995
106404
932701
788990
422556
635129
880100
959180
117495
426860
899659
574183
402823
19296
144944
14706
938108
602083
562608
441721
927413
389444
93479
190097
715621
729200
21296
14309
960721
993867
655896
867716
614475
102803
656707
551235
737931
51012
510415
855426
477871
410075
429609
394898
943574
88758
409603
395887
205045
486416
351812
132458
390064
445290
322554
105685
174490
858053
634197
135211
366126
290093
2928
980600
392895
173839
531836
130827
224850
42251
500457
216925
966529
444270
611823
910103
533027
535630
820195
738071
536250
172007
384733
926313
617297
707286
31998
791786
79545
666194
926997
445670
470492
444129
426270
377591
617967
472310
22622
357021
28766
523078
573945
995294
967348
699972
419603
14580
749807
239798
752651
286057
411804
137384
212371
543305
358875
758572
335092
438419
424767
776293
398293
409463
220422
338767
787053
838388
811077
809675
709613
839842
332753
797762
349341
17205
283148
828885
761746
37150
95741
562007
963158
747328
288582
506463
620407
47155
841554
58826
986125
132052
971322
395588
352473
310090
182641
705065
121167
992315
414678
475213
839273
726645
824553
653578
738584
621906
996667
14535
659055
606612
90746
622213
353941
379328
642881
974347
940686
998639
547378
441016
130692
518700
350808
483164
342994
533448
188230
464160
39969
117112
453577
393446
843756
792335
561228
96545
414241
557896
111079
587500
678712
201825
209714
32653
95357
366799
521205
550247
365438
582787
991262
496129
615691
342070
493498
958685
389722
195932
937049
943894
827247
390627
337340
671004
182962
898568
281753
597202
970668
907036
184702
28086
908619
196238
718421
275418
231647
782872
155061
814433
68646
430124
630408
658891
388809
534334
854822
325859
478229
682070
230690
815568
867278
413651
228341
149031
10853
713213
56067
709758
362594
679131
618378
73036
911756
408000
304682
694628
563060
119115
982966
728454
63443
613374
387345
966456
661913
756372
806519
140142
438442
37209
469914
819924
450859
212460
968954
975915
925672
539226
685673
802470
732561
304051
875505
158523
226256
180187
853150
789315
813505
836117
31974
876948
963695
419319
843404
625608
689895
649923
279954
128337
201336
749868
462465
652194
476532
945623
628109
402204
484849
313782
204675
731615
132038
80180
890137
358293
774571
257492
661812
588076
607813
693786
979228
571509
627309
336837
711321
317204
986759
505480
959744
702299
769552
422209
354493
246084
367832
496806
648287
366886
810588
852961
98501
456830
447346
502842
329327
736121
760333
991138
838401
368147
199129
817630
453860
826437
154467
679385
657845
655431
184865
617589
357730
954416
554002
226428
36871
723233
848787
802924
533821
215953
415629
504855
177503
918470
834181
427828
678803
825320
266230
561154
538653
83860
529218
63580
208604
537140
922165
393468
668934
279896
862089
24391
576793
658974
743760
939784
976102
70281
391731
296641
847444
310201
130823
275273
503209
470347
55707
578567
9000
653770
107786
888294
406300
316389
939639
328466
224061
608573
122566
600354
345713
143093
177148
4688
886852
116932
494994
678638
786873
886725
489484
148523
711130
134511
937999
728543
604857
993705
821315
128061
647475
929100
530560
567979
759693
470199
410649
497958
78772
47419
98313
938688
190511
789664
457580
591568
906595
952574
784410
207674
839299
71805
64634
408404
808399
307382
527465
802104
128697
169731
963783
57797
700290
531762
331694
684693
456616
829651
277669
504034
442168
216357
694545
231832
673937
800317
652632
626511
584727
860305
980014
372826
730705
558852
781229
539104
866233
822899
855412
994929
992629
819195
566930
207124
865161
898623
406021
321777
242480
683689
825811
684647
900045
34561
916479
88187
834877
83316
228902
419604
943620
723120
792429
188530
281973
87864
727633
662410
424967
583045
171545
931800
916444
738474
138924
781605
151303
59149
103383
393782
742837
443398
592633
157087
477958
23317
245274
312835
106632
988379
246643
564456
711500
553277
752985
507677
641140
994822
684291
580311
92072
855835
512111
8516
108515
165239
790121
259817
224387
407708
167803
967223
851105
760435
638514
329063
297957
397992
156102
404588
386372
402744
969044
612076
956020
722029
633957
111365
231057
318248
691675
323128
174084
203786
331644
282598
883228
635969
56619
107615
43677
224421
589042
894781
499060
227557
738048
797016
139753
894149
201605
40329
296893
684853
652404
767118
921086
286361
878482
152143
604609
570158
475271
292897
773943
321119
575494
171377
957087
632112
278991
764
370737
382238
409749
869796
123999
662001
181018
263751
556150
382622
304080
367247
581679
470688
134365
502765
757049
12848
654908
875862
97210
644383
682963
385357
965501
772661
556733
922588
918977
835724
437556
289714
217962
847304
673714
856164
23510
854731
119915
579659
751557
423994
461110
333236
894682
109680
836001
165936
636731
5114
556002
733940
649496
238965
119297
129202
11626
676030
51790
930602
25959
489345
734520
758124
850853
408234
614288
874362
262966
734202
968225
528727
672401
943539
861963
81288
53219
212169
761427
689949
217282
317429
938093
380982
70598
57391
510183
52847
76177
527029
273583
79726
261549
545911
444783
669782
160199
833349
446952
408605
315779
975679
81006
259318
351847
676497
826741
564015
437924
30895
295501
269557
968988
676482
340154
26379
700869
936580
788207
291250
463609
61790
370975
725157
607700
329962
909144
282103
163311
870300
690707
479089
360184
285918
738406
712030
476619
1453
914543
110247
85750
184100
79235
276436
38459
619817
491509
975038
408024
296963
438648
984017
667937
678009
105922
512103
101358
388024
675413
485863
592935
154502
846046
393057
407113
72282
869676
486464
376735
784219
596710
976689
482523
190149
767329
520981
809965
773043
10225
732193
70006
448872
716210
252148
641085
336336
764250
742443
238564
439664
228306
831499
108370
588556
224556
515482
175042
608436
516151
551777
906859
627065
42671
389383
817214
809999
424568
141384
583042
434792
387782
653048
397868
103992
905195
38954
954532
669445
295601
193096
623313
38111
24595
731683
626666
763355
761369
315913
371791
277520
381894
278651
35548
182238
750208
748767
121010
891591
331810
70007
793577
499062
467874
411774
918461
21032
366306
587906
316632
32073
354742
98201
457107
495613
375760
732680
325730
261755
524405
707623
54610
943194
132187
751051
693402
880953
872061
99198
726967
942067
892775
226029
924145
818753
144490
945177
185059
246601
776013
258664
486229
130756
356864
457540
140573
732623
190220
466302
508583
714624
173925
563192
172023
820315
314244
865424
215473
186305
478827
456645
642576
885806
682673
566721
704559
341368
26103
403822
102173
802116
662485
588401
447076
19350
45941
587648
266177
236160
53950
774759
464989
742078
337952
637011
562393
166400
16641
292070
352704
9672
748714
509484
895477
945592
590409
114241
286960
616512
518062
903336
932832
180547
491737
379908
714100
51882
481760
494482
802245
535709
269241
781438
277787
121397
418450
354384
287796
949294
646453
154704
958965
909372
664187
368647
854964
768801
482887
656128
385313
515153
559464
832349
209904
565405
212257
924004
617286
694016
418486
933735
743929
201931
715174
535920
837532
647828
404508
125328
597122
565165
794236
556087
474537
458423
924733
329501
227224
921824
499833
126741
436977
59297
959089
161085
138906
685550
85089
270396
893770
17779
204132
637699
733914
433510
687823
571446
81338
92331
210978
678459
657496
5214
748750
132033
977841
673483
975738
719269
109512
989775
360215
60693
49073
833508
221777
702182
33264
821070
972578
927033
353053
690914
78938
86967
124424
766760
172617
205761
373296
897799
398424
30792
903012
147174
677028
395058
820656
166971
114328
444372
156747
988746
505064
720023
822254
241045
422205
855517
576319
908987
296756
929372
599901
375693
530543
724324
656657
217365
444289
29953
115164
842712
574948
532380
989885
766181
927438
810541
933151
555970
769117
604102
544716
788385
324125
881174
29431
260535
736692
605749
169522
33448
535121
769423
923344
579869
493747
580001
797233
938036
124159
912396
780748
699106
958980
770634
465287
886418
95380
912643
442388
378702
516745
501308
167087
355075
382483
196517
615609
633379
316471
785130
181031
365796
554553
104375
945664
562505
198580
257102
14746
836942
683702
309698
536049
642683
594536
515540
529101
204121
942387
485694
582822
973337
987001
264113
328412
883688
460630
944020
517067
777100
729150
698097
657100
797908
316676
602765
874617
515256
374071
889362
352198
20930
402451
700456
307801
432196
743761
26126
888787
743659
608947
862124
244866
387264
190536
128554
847893
134556
159826
139198
377911
857922
796298
690023
688803
913267
78845
204059
287338
482411
70461
345111
195675
987116
559771
17680
419312
817737
43805
308099
561396
166956
170224
806261
554220
874963
934815
916317
523724
608845
569720
415839
466767
366018
105862
669774
793489
184706
873832
595031
667116
458498
940142
376995
445614
14118
394675
864925
831854
952683
687228
393251
119640
371656
713716
188064
246620
162736
104381
284548
771580
674100
700386
752552
554322
320452
422326
347811
19362
810363
942842
200682
10180
577676
714474
925510
486555
579399
757365
439239
780831
664820
558878
152488
892740
261146
913311
55477
365526
197859
341261
39627
412449
93813
108153
732900
516139
455964
752261
326502
913010
952942
595362
824403
44823
824040
749913
531378
917643
21483
484821
698474
200507
557903
365166
93248
819048
278477
662928
184574
990539
4189
738404
917192
98002
360762
650092
128345
816725
916557
969050
243940
383704
78617
582547
428527
902656
332460
474109
820299
868147
958929
32978
68654
516832
398144
676105
335880
190825
853237
34658
695569
857426
287267
612761
469632
80937
112181
978957
693615
595435
89533
188256
805443
20051
90912
652107
8364
425415
520254
967292
972596
103113
998328
370740
293422
848412
75770
146660
883069
771338
518290
170336
384099
502126
332568
161157
128511
311525
368977
723945
48626
446296
426405
368273
980550
31521
534585
988913
456935
54839
470410
943735
672155
468738
314476
479782
317150
904449
140646
714423
675787
173140
398964
574090
189470
731531
249452
317980
557261
132633
556129
605886
578928
982533
974159
73683
14054
508744
62596
985192
77787
533005
928927
264147
515947
757607
258133
833096
176261
398778
61724
366252
571917
460687
940342
761386
192219
703998
593570
749479
836630
663903
869569
929762
160641
357933
517649
174694
380881
580244
674090
458668
627453
117222
237019
143400
389034
495151
490700
565294
893928
552423
931546
980049
527315
386093
255640
233738
604295
363414
983216
955129
27317
366990
884891
187957
724923
402540
876854
105804
496988
65149
78676
638645
182370
315694
296249
85608
325049
786948
650902
733181
853575
96653
713230
380890
482745
483074
614627
87040
846487
112048
42169
873803
993242
441264
575964
718165
358008
452818
338173
369200
517966
416849
7845
214541
18289
300148
86001
605245
465254
819181
458820
561906
46617
353915
44651
529690
482746
645894
890382
594794
688062
278390
588036
643530
854354
820405
515742
307172
158578
884941
339343
89631
892785
553883
850582
711082
368235
936582
830531
833489
755763
803556
395395
316584
157471
440046
360479
640216
600144
250861
749214
802411
529250
851454
445941
897808
186064
961683
204981
858846
360829
58528
948476
767819
126615
799058
478901
494849
249845
823637
328338
519813
627193
723733
836396
784663
677983
711079
939083
792331
476144
202503
594742
5395
568161
18041
268430
516571
622387
127276
391604
195119
589956
159423
321733
903219
152529
816582
153064
976165
144920
672876
603358
382857
23478
902225
575044
734556
355513
367376
210701
72220
476322
730299
33091
147706
423015
61985
284298
550290
453589
479416
140246
613011
315354
557669
765539
131936
710733
255909
791059
897813
859266
688121
435495
275696
777369
170052
631209
144745
894956
217633
621067
139460
858013
652276
801369
795232
228466
599871
345522
682054
593492
999972
295065
908845
557641
574809
40781
782578
344922
346044
680392
718393
34165
115887
994088
325739
800142
139502
470483
209303
357135
605754
862966
729352
772235
664336
524585
701
264207
384311
196959
857698
898487
6228
766543
970333
95241
321528
752911
440163
181777
947507
158556
730145
577599
666848
55884
891945
806350
526367
615453
677689
646325
478419
407041
932764
142755
445830
447669
921166
830141
644627
293069
242833
650855
573817
213166
746095
895344
966077
186258
77121
427789
859017
321471
519592
525866
377354
411538
846420
417925
26991
524109
64251
19614
17758
676573
891184
958888
597739
721325
603515
890807
964157
768574
464624
691528
514670
874173
657605
700927
465498
599598
74150
786968
119191
600015
164323
44933
446435
582247
586127
484748
160702
605740
415897
186126
282313
307081
145014
394256
542610
262733
285064
20973
31308
263892
712500
545977
652269
884309
761108
631972
998111
349462
418940
117302
949476
97467
676438
910115
193919
7098
868824
382510
324965
54950
664822
146250
714167
59079
203065
976900
858346
224037
522412
636442
450741
582593
802916
335050
857905
434888
333161
207368
368032
964667
156844
979703
155310
581164
687826
417875
490231
556650
800384
815195
125805
979410
475650
839971
552693
678714
331076
925243
902750
853487
561686
867695
950284
878806
716949
808190
313694
50110
15558
195930
528981
686605
175633
82918
863458
616370
758000
934313
930958
87400
60118
910368
563049
414293
977266
241763
745369
902509
658717
113061
978399
40617
63346
857205
757565
871535
685103
807675
401297
881033
850860
87902
570870
49356
869875
434329
665725
142080
368642
110888
229479
942963
21257
306733
357256
998522
62700
102625
415236
235622
729890
393636
276238
793235
250841
33804
178975
935944
355683
580271
331182
87580
902051
770103
52252
850584
435828
194331
733430
546716
938014
676393
82177
244747
33650
594903
307446
650478
10139
543067
894572
917978
819305
202012
168820
853108
380986
618968
208791
475461
464354
929537
657838
366405
699640
224294
216990
649673
418625
16855
870843
141018
792769
115590
688871
901876
937239
853553
426219
994511
748126
344198
328021
950137
27222
695333
845328
646189
418328
320789
624747
862069
492831
991151
561710
37184
725587
649954
186970
436180
520797
842191
743153
150591
45267
159234
602034
898819
585452
110750
161150
929649
438770
625492
956870
648307
470820
117264
66635
305813
742010
928704
798644
247367
4619
29974
483916
730205
194132
185090
680589
229133
541485
423742
893927
586751
582975
495961
999775
682631
606711
160925
612281
559685
300621
83356
207993
771440
714824
788831
77254
971038
231740
390102
218405
236358
934279
216526
480767
128411
401615
161356
357543
943100
99302
251470
44056
196481
261635
43831
393317
382550
718960
5598
456440
19581
603157
664432
791021
832185
967467
382479
803224
199208
286785
535833
949769
221064
752358
430537
863678
668178
106097
735425
125483
719603
501099
169538
430288
762733
727573
823604
659488
446533
343406
115928
466113
460768
294564
201
262031
668021
610381
975442
469010
146215
925212
690073
412777
869953
67956
595159
490254
803380
720641
209857
304479
404384
154350
581417
131957
977953
240905
92694
321360
356832
96784
651395
844349
589284
913425
26575
199666
403073
495585
860084
328285
699862
272861
712442
767818
868020
202696
571198
102866
926757
389882
21454
81107
971298
667614
573264
212203
760307
408828
569034
833318
705159
220429
191872
294444
648058
218446
494109
565335
714030
354193
893619
413893
141258
120266
695915
523482
322962
781317
140553
249719
171199
162006
845029
142497
829620
418293
868903
589927
827121
437937
937449
532280
172570
129321
340928
334833
347767
349241
900167
576001
217638
307992
504098
358896
428257
200013
396582
751218
495535
537134
515141
666733
699140
874374
323435
42965
806872
192338
632891
148198
144480
570341
680477
317049
699661
535610
166086
561632
884850
580458
137634
102489
888449
