113659
453078
939229
841965
34745
230339
959854
641788
13342
250938
719890
57760
733530
170097
177347
95022
344247
535096
36652
620973
756257
12966
588384
580826
217183
225270
725842
743641
886831
875877
693546
491
328955
146980
356660
877903
377319
316514
33897
904864
81656
267991
962624
815185
438087
139971
424411
296539
189271
461063
431716
459733
474028
534304
40559
205416
759573
766401
463261
160609
156483
671011
161099
485438
332196
517758
877545
709514
834272
911441
128583
915927
693637
605411
245318
131724
259587
669728
942466
448857
644995
888386
908589
633228
422690
463353
352848
696467
743958
330313
857076
900440
1325
532379
900082
333520
50138
777628
557238
398614
203274
200025
828745
896910
805436
588267
542839
65023
257996
485305
28084
417195
887896
450878
50423
310586
914230
917474
521258
172393
247788
378334
72833
763316
910712
972915
611040
475054
750543
168278
873667
953816
882506
216618
364932
687942
804884
907770
267169
577084
393075
809457
994279
280971
260335
558906
105762
688769
476381
627019
861161
724168
519557
933993
1689
430269
421113
612728
905323
685860
781005
293195
153882
177716
509812
518813
379863
828901
426583
647031
405985
333862
456488
914468
129038
231027
473375
749003
919795
949755
890226
780956
188128
409783
229155
189816
840051
164472
802543
259579
850332
97753
66979
518418
789672
90995
37231
169535
919895
978017
816566
325881
311879
787258
240349
955120
18286
227928
704123
452285
691887
594349
747446
880014
4132
490805
584034
358388
655276
900781
132171
19813
512738
199149
538230
302411
290144
89665
471945
210039
67682
288511
50124
379561
589974
804677
848885
122464
32605
553009
574748
724492
147358
322194
118711
665694
812998
702745
24082
468275
117731
156252
2292
630469
869605
540522
932879
159749
630186
404824
883991
212073
207540
448320
105838
797513
252997
954722
919976
799805
507731
8929
38502
169294
331123
157213
834987
144121
374162
859068
126600
491892
529524
128892
122361
913333
183618
55240
587286
328008
974268
471278
540080
181808
433802
645917
493525
201003
600640
927705
515012
622575
936633
553514
791868
267756
710726
626855
926081
599092
128
52681
90984
43857
695776
727549
957189
393598
296993
544476
721606
271261
529958
775890
967272
963759
421808
460797
678966
536652
902706
193978
159227
839340
747491
951095
621300
972421
577950
547381
571513
92283
600062
176702
136139
810042
418455
93328
203641
715447
152008
439451
986708
681965
215341
468185
645724
637148
928982
838894
688004
831688
32873
847231
185233
780363
312531
806533
266990
404685
353914
838502
496967
468180
529408
633105
278223
947862
240638
996067
663310
392645
435518
164223
74611
650858
632407
234539
802211
75594
73434
490215
421487
106306
851650
606719
400873
164181
927456
667862
568866
281371
20570
65833
749550
64182
213143
541977
12045
453780
52249
189559
360629
1971
867985
949443
652829
14597
183983
969244
90191
771620
459459
25882
392130
311110
146805
793002
989494
74262
975069
558360
355632
995638
138398
619386
59820
351540
675568
586068
319524
242021
289831
194357
243992
157816
143801
896820
172413
841987
380269
776807
613607
839727
316893
5737
665041
463697
798738
654536
537958
288012
727100
407794
283650
865497
27181
857674
731241
216953
443742
564969
458973
733573
759326
702964
405593
417331
113989
92210
259318
494257
383221
872924
848189
700113
878660
513230
163811
191603
681970
215973
479615
409071
623767
277469
788772
650947
135143
34219
382104
93090
599187
841076
826662
872717
544041
746459
290048
172234
838669
549365
666491
221890
422289
514680
922003
815153
542114
600018
520961
738289
815990
576
147360
439757
792248
450336
604908
927391
484554
987011
20481
83742
828088
361347
470663
886333
622010
760711
572771
460679
310076
239262
196774
732365
268146
632981
61723
324465
232999
582683
62754
563193
97463
724317
517155
889711
174653
122063
331307
173412
623279
865991
771357
451367
741542
242020
851904
363552
2731
938879
338436
312807
178142
535209
559376
960491
682394
621098
284956
429597
203782
861913
992789
815448
586230
509944
705159
275088
146212
36466
448499
769490
902456
219856
735061
158203
461875
101170
521755
978810
40049
860190
291617
732394
909603
850992
692886
591997
986294
492046
21594
704280
868164
528587
519729
454394
552736
224888
243686
698947
775558
692184
982641
192219
426244
717702
350422
402324
818871
386381
381134
373124
246571
672750
105519
670378
37947
312609
776579
538445
318859
312377
242726
187023
840963
762454
155622
393699
501546
399307
606850
277104
605696
589491
983527
31940
821397
848153
434263
154473
234534
329601
527597
995308
2351
147320
665686
554501
459928
442265
92947
778786
754641
849876
480014
109809
126535
635635
17713
628080
34942
624562
419389
154842
728258
917120
186782
63860
765273
135249
218333
999806
464850
260134
995114
981404
407453
175005
50111
867380
617269
657261
160371
886114
21342
640384
995922
147876
276019
13635
775955
825165
152402
709548
494211
394864
626668
680992
458723
391941
330446
191260
391747
309500
451393
901065
805108
858845
76070
855218
240430
207543
26684
400801
93657
48025
41185
603784
195900
831408
131623
486060
170778
284024
709812
664988
193092
336481
860185
166020
242626
190631
357279
634373
14335
322877
49643
819442
181722
125713
188866
422152
333255
729753
337157
941116
777778
378341
544900
487882
723953
676522
488146
894730
474751
197959
559719
667842
48644
419904
348066
291269
124739
219550
439846
139073
542426
489489
472719
238352
129406
661584
174708
462660
905542
511864
403776
683320
890205
462880
685406
128363
139403
687757
23094
614153
885715
582812
796199
934358
516920
144266
739831
641658
363815
179678
294935
420445
183371
767653
658796
312776
943442
833504
775435
848984
345368
693416
46509
749777
156296
731914
878140
809902
419671
901233
424055
819590
998249
734459
268153
29374
878724
7985
185236
756743
701866
480170
177188
885236
762027
835983
198012
705469
183692
487651
554453
529060
695271
115166
278837
365772
361285
671181
175674
780955
86619
599729
114751
599072
848392
382903
628445
241321
905091
813680
998063
606957
808054
689455
492193
570082
525438
204409
275551
709130
692060
344209
752394
387331
973578
545435
753102
334863
216617
442981
630023
817439
556914
744773
416512
405306
641880
44957
646626
546972
372842
644689
668133
180896
848348
674531
750977
373786
878939
540733
597120
85204
399146
863718
986739
372724
409154
739841
707587
139975
697026
337610
957413
253940
82383
373925
659245
238467
933086
305871
299643
305928
464764
967776
486823
313112
642307
752005
201103
35451
292738
312427
120655
206088
176146
107394
578811
585299
361439
286398
239478
58466
138212
196891
312405
220594
85021
485855
973265
18107
791725
272908
838238
770694
240684
839265
598010
397195
591270
313317
432646
398212
625744
553300
604299
316094
660693
697315
415597
536336
983712
655074
594801
121925
366169
907206
856722
451189
393061
344192
469295
698990
617100
307533
983888
371988
146799
96104
283388
252273
409420
716033
164690
549368
783537
283193
379666
958434
980507
795262
494770
478425
964540
89572
600349
330710
510982
971275
781898
418247
315468
765398
631441
446772
72931
615330
818759
733933
225638
616351
500411
149262
332384
665100
698630
630125
948292
592500
588559
928800
387763
597534
407225
866507
201310
521778
197217
712291
7258
979115
644742
836929
744513
276183
283701
331648
405717
616665
579786
631354
233016
80197
780616
79605
259501
993450
223934
207793
585950
812493
650797
487917
924231
572226
354425
125541
608208
65846
352036
129671
559165
996777
966599
303678
787164
764505
149531
192882
895374
729316
824235
642594
323717
119056
236403
583217
112506
460337
305214
212661
787034
470216
214782
711265
556646
83411
351010
164855
149257
703045
808729
708421
214027
775328
526304
1191
54038
675834
194072
949411
919354
532512
106211
243071
651567
342613
340492
278278
802949
159910
5143
104188
29322
815452
700976
303335
680666
865830
966795
897915
674559
189421
111942
964091
715724
627337
18130
905762
821408
481745
339321
868124
102160
582391
62228
437087
312174
761926
596997
317316
380319
741326
51444
195771
442302
354778
390642
822336
835777
288557
11100
539403
400499
489396
255127
542040
507525
675094
877652
503474
14415
745777
119839
111011
779673
78816
62302
606051
840741
659298
923366
221060
914829
974809
931035
871335
843792
835881
693672
193774
124438
704771
733176
39141
194167
502508
581180
215896
177602
458833
233575
706220
204610
353413
331435
498487
946432
393737
104538
787173
53035
542108
522438
482068
31122
967677
353404
874913
803558
561280
582892
442200
780255
316068
481341
974422
332780
62521
704522
510381
35558
452301
730806
240167
319918
62241
252858
266350
455977
357395
567728
23217
413707
604370
505284
444829
86252
372892
833946
404014
934171
416838
846213
714427
247111
327554
203054
579890
904279
421780
604476
939836
388286
335282
694208
708203
911726
947065
488758
367704
818665
570690
905124
232372
175060
924612
191405
261311
297505
25352
665324
745880
442189
25742
460307
203504
353296
177565
783394
771779
599345
387870
711615
501835
237356
920027
210038
149082
867093
213000
30990
199963
783689
936113
432334
472953
860726
623739
248468
672435
163295
427996
418315
119688
453738
392827
323192
807033
570391
106586
93017
683940
8660
318836
185775
760219
238864
910017
423505
105957
637221
454495
820123
420911
904812
766661
408068
279743
904604
656536
952177
67899
84532
884697
187587
538269
277524
510778
859506
362119
131568
952522
560264
654431
271359
260243
414650
510222
170260
838154
130383
321686
806853
464710
256801
711666
231371
664868
991408
135976
321404
943586
203874
405936
342488
905664
458409
134216
416442
317916
10539
62214
784642
570802
716644
570205
831045
645498
594631
515509
997857
239218
837194
804710
703927
93995
30581
935298
273068
21990
71274
594471
479780
789351
514611
822267
695016
487225
470687
625662
319345
481225
687876
103987
52028
918724
188397
397277
78428
783027
426990
590489
536450
778389
395199
240377
386588
425780
175675
659655
961973
761152
768331
955957
550504
282942
778224
759724
770166
763115
385386
89511
244340
587466
707702
810571
20396
896098
207848
613027
193330
149043
203516
729779
927431
112919
484361
314019
52903
174240
973674
14876
935392
256210
970832
101
539151
263261
274029
823522
26376
173619
427237
784920
275290
649143
595491
295685
59446
803339
422916
252776
952381
626431
496759
394017
253554
981119
708035
306457
669564
195914
321332
119161
452123
806369
119261
505479
583834
907493
843205
124415
81112
270442
909334
356401
919585
504825
166290
979030
822368
589205
746010
288954
729840
756974
682970
983394
252298
905210
289851
921861
615328
125387
41022
581656
445960
674486
87135
29795
96184
930339
668413
177296
714985
577747
47901
148775
596776
214191
642010
933349
317600
902224
222303
47441
659198
419478
30835
425701
838892
834889
347562
454220
474480
902788
35876
920440
91479
637214
464439
187663
81758
132852
879162
796743
710598
927062
459722
821578
141253
101732
754927
458853
3957
977230
506293
177359
910912
51332
603059
749804
400425
464826
204024
874904
881818
754104
795344
973296
905522
773987
675163
987280
906838
554325
298228
131641
481388
757949
953219
136845
859681
708146
595697
377842
199581
616194
555200
110493
181730
672464
860296
582154
137290
578525
971263
533312
846833
280812
506608
752355
54800
695976
739635
961637
250301
552067
93279
245893
310017
46498
382738
683902
268848
492639
575948
468429
108834
131148
578921
290563
317816
953422
386922
455105
531947
872389
988416
378780
153201
9230
645339
208000
219410
384975
683842
983914
451246
777120
229808
761262
337822
126750
959368
606669
619388
535316
75098
728221
666464
168224
532989
498484
121646
434115
953589
653592
306504
456210
546576
973908
979643
191915
181909
713257
91094
379955
697172
542340
157075
926979
817806
9101
567933
777175
615769
187321
312491
205072
429747
493159
373295
476940
991643
494940
425259
459437
662736
731762
429851
723516
705670
923699
429635
401783
636956
34934
781737
334128
91478
453016
775311
423488
462116
343244
200663
592090
44770
27359
311366
474516
34722
684660
465660
26365
693804
890918
6
870744
622680
944061
108465
842554
867760
538099
758542
18921
87237
54484
353049
692918
507500
642564
116407
483820
500013
317069
590114
544782
858631
901479
533502
893353
100344
999161
433922
794147
404284
433928
179096
541168
892193
287560
383722
759953
339864
656468
778873
941304
710952
646126
634223
732656
802895
750629
730680
817112
581902
320795
361894
440534
222274
409600
333887
836822
922965
767808
630969
327249
715940
324270
868416
608133
611829
766342
882290
465897
422811
175369
407202
647967
335699
41425
894827
138594
306258
625507
955705
888159
460506
831803
328693
196985
755607
176784
33807
678572
458797
178980
520025
174737
503249
902645
297075
629283
668988
179365
95180
606003
868937
16586
768174
204637
572214
663001
343230
878471
802712
813140
766631
263219
644943
609528
460203
400551
786312
494009
593327
245109
187193
113353
419845
690442
15998
231124
833929
199190
924693
929108
805192
793630
459899
87571
998266
32113
750571
855701
424789
67489
668841
705624
330707
827988
315152
305114
228539
101464
313327
336071
346572
500519
963627
280622
705165
493829
511745
539094
693019
950642
982407
12416
744273
442306
99987
256744
988622
364762
626649
927615
946454
295490
633239
277161
637683
948391
96479
380426
49855
409805
716496
910631
424529
680123
191253
129694
173953
217202
668788
381176
167845
651195
393591
426322
607705
7782
197270
596327
886748
823919
523943
833202
633613
157182
624568
785500
619777
721046
165927
669632
645056
882422
580263
69585
76751
285720
199278
764907
502921
868065
660287
184970
33465
53878
125496
641169
575864
322766
751701
976816
660889
275644
810018
808706
947029
948790
594207
566807
669837
760133
750643
314893
156760
845110
384477
233510
130830
97959
512621
147955
966024
172908
332925
999488
740990
458420
154863
316854
295390
906563
807874
956278
696411
617892
764985
643440
566683
359192
724451
750724
633529
989298
579821
790288
834408
964297
23799
479442
576460
50624
627397
542484
223532
474526
56178
964521
932945
211040
795579
228336
631807
603453
698818
328218
735549
463803
971657
816436
337199
210314
81365
970727
713816
661185
761016
62430
139687
299019
541871
716147
349642
683472
772835
87378
157998
343217
566103
605148
68461
875886
347688
700267
993543
46506
28485
729093
24514
514347
59734
361712
238865
141099
846644
952680
316488
607660
15110
456175
420883
71186
686526
770524
754657
459361
372107
912655
316783
938209
32008
385243
814096
379695
85511
807639
426200
628199
50937
964917
656750
624875
326630
895614
280178
173274
848295
596665
295138
377609
567044
716020
448794
253570
749
717656
227136
372855
630311
58123
825269
176523
443365
153570
556217
43080
961208
496621
185484
526350
461539
842233
151225
302373
737848
431402
989850
100348
542271
284988
992160
109316
515212
440955
877089
515960
158611
618429
403020
303126
676551
742493
479648
634121
896062
550069
75404
560894
376888
897824
22433
219122
49049
839009
471174
994654
828859
85726
536926
628051
77886
160446
143263
518840
37535
173428
191655
170169
90652
494780
360924
833144
488632
995044
729206
552905
186450
100681
113800
563337
998505
650436
296663
561758
489446
282041
556413
832509
367766
93339
460561
445652
767988
603823
964491
805522
291455
670351
489895
382106
679335
850819
215250
167968
845863
458660
235077
546517
73546
348876
624059
72051
513517
920721
148013
2963
202763
704425
349676
570528
311968
810236
530384
79956
928264
494876
399683
219719
165227
889577
601825
844561
254601
331279
526733
100465
304144
761810
161186
377689
624890
785244
449739
138407
220171
111956
655573
937137
816381
5250
21870
642553
329690
552254
236714
257954
561334
636396
991877
726560
40178
107907
85326
294779
439185
126264
909447
743328
402278
70633
635221
541372
370082
599164
679779
590252
711120
849556
41594
41706
369010
63463
684258
212905
615716
920971
470858
177050
557367
976939
417814
111750
84846
17345
920732
38236
143608
830179
295768
60090
415016
930989
601461
299302
530153
795444
889553
241273
159206
931146
282978
528215
508814
481441
741119
124530
402412
726182
301580
473984
217326
233598
585733
302172
250942
20670
854611
908753
850848
150379
483047
780068
595572
84509
79371
125726
394157
483128
881202
553362
928479
678385
595782
437293
159826
851105
76027
562237
91492
377606
550425
308818
125409
136158
125194
376350
156827
979804
799308
521879
644387
282355
816152
239960
881067
895522
879889
275225
892854
761091
342791
821333
439476
452777
772830
599301
303883
848857
675743
909578
740667
226168
218396
866075
876530
857793
756630
547561
837597
555938
69441
996189
352497
399797
236149
233565
809523
116038
508789
702377
391333
365784
37916
830809
818561
810745
944314
636648
659602
620057
546226
400270
846225
278827
780549
722755
136620
537179
270316
488422
607321
853960
484611
959818
767961
234964
193383
577484
865205
216376
279862
256538
582159
317777
87347
400720
642726
545866
551572
302329
165923
97799
216803
526352
890829
997351
763311
541653
48736
547832
30075
656056
915996
28890
615874
683958
778057
323461
261442
643262
539836
541303
899800
121996
373284
501351
36920
16011
47217
588492
832543
727344
200495
563550
253696
605528
75106
531212
147181
123841
79044
691460
294102
995039
234554
909975
678997
12612
747641
940439
170078
287477
995946
69878
923676
883435
85434
960596
899445
646854
63293
246193
888402
777991
809742
656303
383519
884847
187515
44904
522893
266558
736363
816994
261597
970917
241174
454799
497733
988814
395238
667810
276292
905388
251893
199968
788823
851530
674768
202473
498384
252265
962869
386787
30256
772611
557294
927978
171664
744808
972882
694556
11366
223450
511550
787166
708571
752723
241965
206304
255743
151407
388319
532034
571000
640211
246206
874027
5946
920974
76501
504329
173239
553574
405320
717699
326186
962613
645677
12054
221626
132764
220814
747195
356214
732363
534362
578989
999290
290531
785293
255033
956142
687816
301271
527142
842231
547477
915373
848176
982655
506078
866709
670098
59653
272030
387797
900042
748847
547679
912095
970473
194647
132909
717668
65065
379476
766234
644054
892970
570970
943551
662208
527112
631367
963478
568458
473598
25160
483831
835978
7815
989909
702687
192118
49562
488921
579914
463808
237769
641797
375903
722446
836444
23016
440114
901508
916695
720553
545562
809665
291523
3318
471873
818634
634684
949556
901296
622486
974715
385127
458464
496735
889240
675356
203057
453006
164277
297175
916813
916249
938972
806920
638695
289621
829935
593014
705333
260835
313567
765100
70501
605089
768417
56578
937927
403102
6134
839223
539792
495054
738554
512461
505993
627795
187817
709049
80801
866297
6224
511819
782547
459400
318739
421242
749020
662879
14256
968558
923713
842026
733658
994213
447115
502075
564996
385042
419381
571129
738469
959173
580387
477024
471634
600584
104819
173655
309633
699823
39952
830061
211642
822498
803665
530381
243741
66891
707464
772200
35449
631177
614227
769106
139596
575546
271181
704591
474793
204767
789924
213262
163940
370312
204490
149778
485100
309308
323432
308938
523336
363383
138999
734977
700086
942663
779562
458031
523758
487026
230231
559206
632408
358662
328312
772003
934208
113698
990798
409001
832668
780722
136467
996607
665238
340957
660589
150339
164469
984020
459276
687804
861607
112479
936986
561693
569346
230753
19724
93105
231984
764159
652310
864391
637025
494827
636394
571233
122729
627192
494438
955396
922118
145110
466208
587357
486066
126797
251900
164739
625021
711175
366748
486628
823653
303734
562526
907203
48691
96454
308
280674
374817
166823
145065
11843
661649
295663
97280
298582
437059
591718
253978
359178
736827
720185
460739
737097
361186
712638
901835
986206
423813
268583
987038
761670
86521
549564
668873
135212
646018
183386
415885
535039
350208
75155
546881
11857
370817
644161
310438
322081
750083
78620
681258
1115
313009
656201
252416
674194
368839
668455
660400
306856
451243
647438
582730
537763
711207
251603
187179
871429
949192
603064
406468
299400
192423
467554
825460
563239
111715
650102
885319
376002
728721
80782
891320
41730
736982
143736
715923
620025
812190
890527
926880
777637
52171
509610
315401
763377
275418
502579
634806
738814
619847
41274
38215
812269
508827
863674
889713
134746
513777
289237
24952
242498
884223
916271
798432
135410
574211
28560
755435
900606
919087
196520
678243
971257
220335
507848
248839
9957
10428
883644
748770
144479
439122
786984
470953
462154
164864
874870
111104
678640
678311
136056
435342
562534
566531
747978
212149
654947
776538
967583
555553
209830
678307
748000
695291
898641
255849
944129
908597
780480
341978
171573
439163
295304
958556
910115
757457
123420
784985
382766
316264
977501
33026
265811
54240
599556
13789
266388
768707
790326
748175
838464
156
426483
586465
695446
839328
356518
153780
262131
136998
495757
433703
576160
791061
906463
481
62723
544088
299670
445488
860351
277171
992717
126162
331411
592274
654155
112003
875185
444481
860178
713650
958841
800865
300115
168492
154398
656632
322272
416528
307834
332233
364435
398198
637498
270899
398678
700221
814986
698348
659913
675337
489723
652631
315704
335338
759109
969858
447341
634294
928543
821723
347944
401589
136793
162263
570081
291190
333099
406557
221923
640932
738789
586357
39131
376288
371460
952012
590713
186446
164565
764830
375988
654288
417461
205896
503830
690774
689958
951170
839273
618501
287098
187217
534295
423890
863684
104376
229285
196783
25137
965411
351920
763925
551768
905254
654417
923228
857266
759334
623878
21832
524165
999865
190324
455830
719965
694153
146605
409923
159529
985877
542629
960830
687298
76924
384721
65187
695503
128210
261970
720639
93621
128094
998768
159593
33348
653186
597025
890613
412520
220904
426649
450889
734973
131177
906719
454939
339535
567528
379066
499063
553405
921694
459893
754907
998617
358818
820094
208325
1232
596268
928963
609056
724361
927732
768649
271913
95123
365674
162526
21847
100782
103380
472736
835755
234556
379455
804898
88295
946982
183964
25338
105659
561455
283703
618480
434477
618001
826805
949913
728473
269973
558969
452834
197705
327618
724746
807031
207497
401477
828878
308278
19061
301614
658237
767820
195273
977339
856115
142255
161304
957676
671050
781166
33336
954752
913850
982017
572754
740655
931930
301227
524833
490899
268266
722537
332722
507216
529569
54423
422897
358447
362700
441957
174265
535142
723982
369537
512481
580097
25996
187989
537773
697045
969154
571109
166002
397210
67331
252960
652069
999260
68392
176902
4364
850861
413644
337085
872281
943212
391507
295179
815863
268412
251340
504332
317758
975321
873868
830238
69623
414068
532432
121601
625317
15791
206914
791318
413000
274244
558483
65070
273504
626874
241971
277867
477735
655614
129157
350016
113031
34868
159399
443098
817483
924943
947429
135241
414469
335502
479684
484092
749569
12116
605692
889090
27906
812605
680409
440906
86849
238892
505975
874556
379970
262150
666627
371909
431969
309988
721924
544999
859060
395528
988097
676543
320471
449731
811784
734939
785233
291468
219031
49007
303583
338927
938097
845692
665736
132711
286598
266789
885806
306777
141345
265776
568927
322177
637684
896
632164
873812
60099
491224
269340
562400
681972
104015
12132
493756
838954
797364
299428
572189
360575
117215
425321
812876
962906
91057
945586
763709
357846
831392
70486
13395
611372
153617
849775
763260
668716
481940
637073
728815
487368
420617
291215
683544
38837
303346
691504
391995
614914
990931
964183
489694
622350
903708
302570
99462
994765
248157
863170
866815
593753
933655
880209
205126
601477
729985
482590
270193
726129
633867
999007
727701
54485
290223
411246
607525
107773
102750
999519
236892
607886
477907
726585
230236
381616
29155
329697
890585
791515
707071
757400
899473
640727
151814
618803
242204
396003
101393
512396
122132
735260
25609
364038
303949
830035
289488
911473
937807
392237
910992
688903
514327
903103
415488
258768
284719
958847
102669
175304
264567
809740
932703
164040
964671
598722
782842
206875
994724
884235
233475
631061
133700
773287
995098
437648
603322
798790
349121
55335
705231
774317
744237
219559
677420
673930
478326
476344
632777
95199
651647
897343
904938
98556
575588
869609
697277
358430
590688
206206
756869
338368
837266
890568
111655
346569
842420
229182
145359
191541
284516
364795
480062
542957
584353
671687
216887
576883
148031
363868
672081
313882
775416
91225
926641
351004
960833
138123
223638
65727
344329
494712
404094
695799
385280
29953
556573
227701
259134
216136
933445
57854
580930
927712
600811
165283
599399
331902
256370
261634
209975
442656
89720
985390
533880
530566
850598
8918
668688
588440
74644
527221
83152
992941
223021
468432
22895
293798
210337
796232
509933
657986
368291
90864
585698
483306
770350
699301
815207
26721
475139
539386
983580
79064
524776
31665
609629
889578
40582
278317
478019
629430
319743
561170
136576
542763
543806
673674
836560
268347
469907
860697
926333
352402
951560
26236
835707
721911
239742
165119
262836
714880
704505
760620
793943
229281
792284
917776
633064
347070
710298
111083
490704
30041
186457
627280
87008
244468
300954
437772
512814
285065
298469
953351
637466
250030
979587
987377
486145
733533
152497
748980
448413
857001
23805
756561
600486
816088
188542
233550
163158
898839
858836
653862
928879
559498
795346
15887
803965
610504
453658
830983
895569
752127
784335
47240
516361
278127
548822
2506
11660
701318
265690
974276
558319
289494
245042
673009
105582
433584
420764
782943
332423
279600
951009
261303
353302
746355
277189
157267
871064
245052
988250
280838
997178
286790
842281
27744
564916
391103
30249
90780
92421
810142
65056
164944
99636
310098
837953
719421
743681
258717
16569
76104
52521
967578
851610
405823
228138
643004
77294
613406
888055
579748
894243
399438
866537
736525
427181
945657
127628
457429
36437
734253
267571
101493
899196
881410
925794
251354
115036
669475
24275
131604
259783
591000
613386
625598
511027
355729
268602
588320
969134
156657
168069
863378
70299
548810
599903
497479
494468
241735
469112
530904
975987
250887
146601
389389
132297
72395
154947
247332
256074
693426
893139
515857
284426
506526
141455
795452
862254
410056
383772
831388
80917
66045
694766
151215
614855
808873
162898
109323
50609
632009
154431
540800
882895
301032
444393
529396
373426
599340
290932
629500
806970
184071
659561
91396
690596
801015
886847
552850
725275
784823
384239
320396
850868
593209
985814
979927
402083
148712
89250
966895
780720
243680
21900
177820
58916
466293
707215
432342
579837
998146
576046
386807
182217
235607
992406
872813
550826
393458
939867
790305
178281
838310
110701
543353
431520
610719
523280
347807
759430
126734
314702
54355
884618
850805
232174
943533
317098
453593
375875
411139
451739
466125
312150
148160
701731
304556
535177
766761
698013
475045
557066
390499
313355
181971
933851
259079
792689
971336
606885
66324
98070
921586
120678
982687
772392
352851
440426
603694
806443
816300
529038
772386
282426
841187
920546
498361
145744
969927
265123
357961
959176
336393
748459
272532
32569
682311
45815
825257
167852
652700
405786
265921
88491
526463
762813
375087
393519
203239
978781
714166
533743
22024
486553
330373
863210
921303
828734
523158
891230
608061
881119
364612
458658
629578
637143
491226
826093
197162
830688
993944
849861
236474
774070
938352
277141
536883
313439
670659
254326
806424
384826
788068
828447
385583
632646
205863
306886
975584
729020
712320
97850
610139
76932
556507
753922
228279
47734
94220
425441
392626
88165
789506
629099
862234
727858
906239
913321
41298
91104
167647
361926
475929
469919
190374
861511
616769
396236
682601
592353
639460
909125
690202
763804
986057
246710
517726
728540
808647
611945
668185
201273
214314
457692
344576
590752
185550
765019
504073
741051
856122
185924
102978
846255
170048
807555
707766
786816
717995
904571
893374
357455
813697
583576
121259
313959
344490
153189
42499
153137
279339
710684
868613
493652
168376
213189
598609
868129
492413
616886
609181
348535
802810
226363
194791
487062
548122
416761
788082
266117
835537
681456
137776
649234
265033
773239
963192
123727
926427
519895
276864
719970
230579
659681
727827
913158
387075
326436
295493
879487
943321
418878
742226
260336
645240
451221
747397
707566
382187
49685
973682
217724
731140
82146
510377
398901
344354
634104
325329
864248
425172
45299
609032
84853
773125
36395
986131
613765
331887
865618
557087
750764
122050
817422
910208
573270
79025
617774
469661
642913
105661
687384
374053
731323
68546
398635
130224
927103
32739
969756
305557
972114
529260
914588
571171
816589
465187
557303
430355
797074
937125
987441
62043
59175
319068
972251
146650
912296
104230
616310
555209
209891
817899
443467
455418
400649
842101
585641
327753
389044
69603
633309
361158
598862
62102
446533
415451
41493
3836
845805
352771
455166
347451
414814
514340
180724
901269
175194
607224
5499
305709
676638
729593
637812
120105
185011
38461
476410
284857
880417
865453
354459
27931
740815
953320
604236
187348
882975
645729
705388
242986
998499
160554
590436
413313
189098
285364
314582
878496
892588
834285
184205
569226
563878
336221
203535
263094
374681
194149
547950
255099
59602
416613
797233
314621
884137
401470
16173
767112
47199
721560
10098
45698
396318
114739
973215
585416
400102
802001
463912
806894
150491
162321
890324
714369
498541
93859
491667
387426
288007
39617
156729
861812
970433
953962
690637
854570
355432
706810
135887
402630
942574
145985
962531
338893
774927
449951
438513
175029
251953
416629
981923
402443
93154
872247
631016
105899
480311
122683
493324
282522
676503
650053
658539
646936
118220
349176
15711
473651
570190
151598
390485
26970
811786
353016
880066
586713
802967
318579
761741
569124
249412
257869
485771
856769
644321
116788
962667
638836
239470
970195
921357
430178
134453
579896
591318
252672
443277
607029
726322
527671
758626
631011
554640
570412
984027
434706
157125
301199
267489
433070
384527
516900
205144
870297
887873
849464
987084
850540
488300
740759
820736
923861
170937
469393
17963
276459
722065
461239
883487
962591
988909
156318
593603
57755
726729
91835
492460
398058
393033
759949
345333
777559
791053
550476
647856
678927
914144
149146
43672
916648
404109
378612
840509
49786
858471
365708
570070
833914
249196
532661
337029
405513
640468
394783
646447
732302
887242
558709
639539
161396
904041
417098
466654
968721
579159
145581
882865
242509
703456
799513
646617
82069
154228
735866
930073
12699
101574
500143
846613
350769
547008
183642
270487
187477
92629
916933
433983
979870
475642
73523
655471
893888
490620
122125
862609
583983
781909
259680
340696
485365
573397
987312
81638
727624
723178
11711
740323
338957
26058
101141
203930
87271
798986
474416
274747
891614
905553
708729
385689
895400
296456
555364
789288
787076
677488
166102
885263
973601
425781
225960
973171
999178
727476
54809
726802
450655
66520
981329
789611
606781
596674
993540
694051
909864
982161
483002
315683
887714
705936
701372
297319
2392
256736
86607
303672
448429
766913
703140
936234
192694
929099
909405
706076
656575
964214
947083
621434
544938
442617
925249
151719
39292
432995
359975
463360
929360
842976
779043
61778
994619
628598
65509
251355
229409
369180
213988
996321
72320
150223
703220
515623
59628
923500
686403
538046
870583
307837
597188
313201
747291
748907
866696
694490
108882
330056
623850
466062
109099
955128
14975
103718
583726
80483
869277
813135
963866
597469
809456
36187
261896
26881
551809
835728
950381
238212
373774
820964
60254
970962
648369
321749
234074
29270
16239
857159
359326
640088
323221
982628
595216
852399
600551
178943
447086
984032
506282
410953
581501
315738
447139
843397
856823
513152
679125
807204
265569
567103
628168
840026
52270
790742
161775
286343
820011
178013
143502
693541
818100
980927
190375
413316
833326
790925
106463
280413
774957
612744
205570
870662
442687
166913
228264
299510
680064
421593
106714
459837
988696
249086
299863
40966
39828
461637
841513
374044
153854
985014
581789
971953
480146
772163
899474
313473
77293
5937
108090
366454
618681
313659
751321
61368
480571
979584
360877
674839
401178
981794
134677
904078
230880
948743
459248
784912
924585
300761
673160
78439
799980
254949
50393
280126
541317
949866
107803
132814
470007
215892
499268
88688
529550
250589
664259
524325
744377
539340
713369
659759
521134
848045
563837
266219
310993
23086
51131
235578
323846
724290
828221
123826
493443
392818
918156
548964
856888
25959
681778
326895
241851
695250
929787
285605
945838
594046
324135
204420
647591
37504
864179
168725
399753
428016
949147
710745
965305
278
460528
289152
238772
802953
927181
246420
64270
795383
52659
385501
477161
379553
141556
172411
823544
941364
632453
417591
779703
351078
579386
817206
215257
262315
731163
157477
211463
441909
122783
211740
416641
926138
964716
219594
853319
211136
415364
727066
6519
982226
626771
997884
361779
768326
684499
699528
223895
831157
631323
3599
182235
210709
335009
397491
473023
66173
554967
684485
22286
191954
410430
438926
118092
375146
172724
485616
100486
588087
212682
621208
84518
839452
619092
960500
121983
817796
660028
345877
648953
291351
863679
831187
502059
198689
742882
489287
264861
812053
173772
801350
4008
98406
240276
636303
987755
412999
121919
88241
515290
848804
709449
114012
688256
842745
74512
324443
660541
734540
184525
309494
25891
48204
654885
42155
761096
397767
531441
540161
724025
705212
341511
728032
317823
95991
364335
305578
23194
459
393819
52688
849262
617472
166699
51724
460217
241211
376166
634963
975750
74895
458661
1641
637303
113547
557999
398399
25518
89440
452765
749542
308857
794275
991778
626679
890266
870318
932256
913459
384981
840279
966147
748447
971955
647050
800170
432173
888260
690541
581340
864010
765435
40001
379856
402738
667751
937854
315342
207474
541499
768106
471220
850355
562381
462999
477034
966851
847521
923494
394516
746706
277979
874867
495153
249934
521917
295324
196311
410178
500069
777650
788392
779708
331856
682452
696651
999606
134512
11993
207080
676010
780098
678300
526365
856683
655503
517603
337740
17229
955301
246460
763934
747484
121327
259087
997418
157448
554410
707933
81830
568683
485584
384427
348392
331644
66879
45043
331250
201390
57035
538330
877399
351337
730834
917968
722224
386337
435571
59964
403565
390873
306423
167499
138357
941953
426585
649979
613606
495200
357913
209640
63883
357701
594066
412274
689344
660945
971520
534798
376539
28555
587332
253939
379891
318166
171907
616320
218707
121683
676283
136476
512555
496911
818178
165116
953068
244764
329300
566674
254168
201417
776314
832254
73322
370380
244529
762665
545529
216049
811667
922068
758808
399000
690211
652903
231370
376322
269223
964281
498004
459711
100757
524763
956621
918935
689879
423894
677903
533383
990568
932070
734799
281087
764324
808120
165671
523057
84990
711200
253311
896656
147473
526323
809860
837683
179226
555435
214005
962653
519716
712009
936568
620472
750976
893189
53612
955059
831287
731514
488442
821855
177789
737445
617146
456318
545565
782817
979374
144759
8222
746889
555620
155694
273212
365480
507581
966642
435119
235790
443500
954834
947798
380068
89512
212980
787461
143123
168039
618748
388842
656481
954808
566630
393926
571954
22948
453696
354771
516527
598454
362992
263416
154074
32890
50833
33759
540470
531679
468877
776260
975178
937916
238263
869450
541632
451242
656911
684754
619281
789863
73596
789966
744671
97069
316626
177378
637587
185601
693904
750246
62798
471525
418524
95687
522357
452282
636157
54036
435364
926621
543418
887484
164884
412868
429116
130331
34344
263816
373846
215875
53782
118518
370305
237673
949347
547682
389465
134948
755791
653915
197745
227316
72439
293432
749672
524721
443793
317912
474289
370414
861329
361773
49502
788401
305093
694036
372384
933166
957851
260434
149041
11633
378951
33550
763510
842502
95437
667179
977450
851227
321094
689399
78543
393532
497035
342419
432457
940827
174535
906745
825445
35864
782722
389152
338469
87815
83188
225057
535186
555244
485490
198431
566876
378646
231981
330386
221148
327417
511769
712802
692848
832862
402202
285595
226395
899236
628013
658851
354269
802547
79802
693918
352615
862523
83070
691083
464543
680462
430344
513933
235706
915833
226568
316786
294479
458548
161377
29832
300169
673145
742633
507221
506008
144835
792815
732402
558276
420828
905457
912544
737579
499463
606462
90194
361987
203737
295481
340734
884198
725824
368871
634108
155863
595438
950893
964545
568191
112270
994376
382564
785415
737010
889785
291423
396049
682600
538029
954324
617633
957690
866868
355212
457154
987535
445406
333345
191272
255091
188283
589674
495120
557153
223782
650982
152591
174675
615527
720781
286945
609904
103346
586564
861118
507335
877986
257167
189935
930219
725696
807567
402114
106769
162780
859267
94304
122390
706816
285575
891684
895098
875248
386804
452251
99030
37786
119047
787909
167518
354032
589058
777421
457377
175622
152744
964711
567812
409910
668851
12236
649810
476418
414349
756579
153402
273617
850882
275791
980432
650662
167476
389736
40115
68484
841986
653349
106270
475237
441258
273787
829269
30316
565412
800850
720141
718155
279767
287953
642269
948617
300188
292080
939239
714536
562863
92642
502357
413745
882636
996994
578611
564316
386730
618726
632800
742920
272075
253274
218158
227537
527060
47427
772056
606676
362481
492197
839035
642247
780149
481304
590864
594541
287588
530104
823281
364655
622745
325639
778400
19586
836837
357011
583902
737771
489941
216702
994895
762015
469975
727257
503756
511239
288888
275812
117915
651369
768008
956949
293616
62362
952457
884480
656902
754250
928788
480184
118905
65738
320027
411509
85323
671068
282725
669224
408839
772665
400130
403734
48886
384309
130992
552641
895547
934083
828453
527666
585452
110666
998819
879068
173028
951277
277753
829929
219732
206541
824317
852840
272278
658548
264350
871804
329616
547074
541029
252659
833943
455363
656393
397033
839672
301589
463879
735219
235672
292332
777090
335329
917201
775909
214397
90229
241391
492149
434363
461122
212894
772884
313963
999375
431433
92517
871179
761048
153795
926412
13708
987737
381776
184305
898975
735652
98
362854
985075
749973
169390
762165
85302
86591
538075
813902
691024
779465
820255
639591
754792
547353
412475
68755
546728
358112
675475
932112
34416
858524
647072
331211
754504
345581
230186
490156
859882
593039
989436
124060
762428
751601
723566
363224
803880
537468
54248
97551
871928
693838
852342
419281
620517
435301
480214
978629
110776
412326
611994
940044
785054
773270
271255
539559
118851
15646
543919
492937
608684
47560
616996
885317
799161
340562
248541
117246
392235
302788
214796
778367
510830
67138
711852
645551
502438
192066
624180
127418
604391
236174
581666
389446
9444
852921
443209
642498
382771
501332
135435
991454
548892
266636
876771
862257
121402
639516
979502
27841
456508
194299
806207
967337
775640
518060
127094
792283
224330
751273
919700
828721
501652
15572
732371
25300
382697
689784
182003
765467
705320
831641
756921
768416
98277
147898
144878
733883
787413
638585
761723
243922
347088
82136
725463
122728
114400
852556
429215
338729
118035
863120
681654
619686
878691
928229
159190
261388
132218
341192
26855
837538
172834
297980
120159
271110
445877
779241
519197
747495
417826
280921
505621
764913
877260
745288
401845
505864
112050
831060
844592
230084
694180
40452
363974
87076
968680
37368
348463
615103
378560
889521
966845
551393
187501
87004
336707
147583
866244
855904
895077
798274
651029
914902
563187
42494
660190
965032
548357
286444
310297
907153
19595
947604
394705
605756
430490
432073
954218
45593
810632
357944
12438
876229
545444
613645
727140
693026
994094
583044
102308
792368
748277
17210
869760
790770
191605
348997
339127
478048
659293
760485
508780
177974
708089
417689
783729
652783
849761
252152
698375
174598
610095
225017
565031
669743
352867
292172
362770
861165
389420
979281
653533
137698
510696
37498
442672
702300
386494
781799
694552
559991
56489
203332
737964
764577
621021
35898
417361
984986
802253
629940
673789
412348
369162
238820
82092
236233
530991
959065
97398
920411
452551
265135
572313
963246
302633
14985
179751
203331
310988
874303
763322
367476
591839
15491
646258
212860
51389
577823
712051
853641
721967
385840
780194
91129
624659
376490
327361
669855
849759
938962
104471
302310
204098
190988
779761
506730
205972
959511
224265
516960
348019
987586
398640
939858
517282
44898
666922
568670
622720
378973
936515
344688
279017
230914
950020
417881
607403
791586
601940
457162
730548
706410
273677
934645
897397
53438
955579
617573
527153
179845
648737
875172
681635
47378
815030
198917
606479
996156
281791
743404
889334
732511
602296
168351
963424
552316
586231
570828
343902
188171
542194
588655
408785
815870
523300
820386
383512
993084
437960
910665
687133
86697
300042
368768
648278
629276
81890
254758
625432
877884
512366
514766
610395
114662
197322
573820
666977
783552
144648
525084
485928
201046
113739
894712
531121
151243
229304
914632
144327
667263
339502
831459
268164
639543
714432
430647
783023
310526
199609
408456
188410
711974
437426
798805
826635
634747
886829
493612
932504
545681
532900
418432
746726
160843
827348
277847
312086
56652
706684
970616
238119
560390
316281
20488
714138
30713
451134
497161
855442
650742
905616
558056
876920
857247
871065
703555
491994
757894
711371
938702
303575
244272
357134
564506
405114
698687
842352
231404
269543
63241
202021
21867
623631
518301
42354
851973
63218
7692
349134
918659
172638
768955
990919
49558
626202
861985
753112
118196
619879
464483
56899
437659
222959
928236
2165
142278
141128
358721
373681
924875
421962
575701
946741
559797
94002
503299
411770
671423
510990
760903
104287
683627
529858
95207
733184
670264
957191
501
788460
91275
464983
359563
528933
202147
802003
531097
344424
457336
889818
718104
382211
825984
808010
328952
385781
416216
832250
311755
87640
857444
72658
191926
55276
116721
287132
788459
62370
303164
89649
849802
768146
963415
378735
484497
279624
424037
828920
736959
313855
61230
119170
654043
869239
962325
554028
799659
308780
865782
887298
680428
452644
79225
735703
569364
880560
524162
870553
124884
827325
474406
488890
109676
437822
867624
108378
231650
291661
451502
968608
119720
512731
601982
287967
896174
564307
841994
695834
387291
707776
97337
67719
160421
176561
803421
243989
57122
841787
628746
696209
183317
103153
185099
807196
55179
566927
915573
286828
372793
367076
769640
6717
394011
371622
294684
804390
450133
136678
14429
351628
358659
111765
419346
33284
802530
736971
277272
859651
578758
906018
70065
276279
523375
255163
83475
578553
336294
513253
865380
709086
394533
149225
715803
302748
520846
524691
107138
485183
175573
121566
836810
534231
747535
256156
567514
550065
993126
358991
409716
86089
265009
993984
362367
302588
763351
960045
881140
99645
987502
260725
322936
896239
409949
38739
198988
444999
77634
306125
930181
253206
941895
766991
787437
203635
23147
354951
753699
530477
228146
677619
130770
7359
671603
7341
309946
434954
481590
191086
48803
469093
966014
371738
365332
890167
924680
564319
335166
2314
384649
265347
255520
840748
32338
557161
44383
569688
426316
798081
614369
654462
989904
745138
661820
661507
752478
971766
96461
748273
677056
145263
217366
643071
31206
96902
47443
955885
175426
382609
958199
74279
647955
727923
915026
194498
285084
473613
278390
711399
785898
892759
365861
775802
637897
541886
437309
904580
513652
47974
652853
190708
707440
384423
347983
252850
995528
395426
208736
170954
292239
166935
245232
940193
409062
674462
648895
694145
662279
927285
405544
448177
820044
285610
738183
972145
827495
175492
390930
855351
737669
557987
560263
959314
456614
422451
212164
452143
332081
935103
623096
624319
102038
382533
564512
25304
56995
727612
719448
719274
654897
639197
681655
989145
439011
419839
961290
780710
109535
866425
636061
361409
424412
196324
834927
395231
132979
47091
847373
465059
496399
984673
89378
598436
367206
168095
623740
938405
895706
857392
171884
64808
496589
367743
53953
449804
787581
15243
230514
411321
395872
866574
772729
820284
577103
607656
729719
710081
168951
577092
689345
665349
561765
778722
777990
443176
946816
915934
895785
356727
773326
581873
421534
784120
949615
475486
233924
737197
4934
978642
148518
400805
845216
435451
735293
936523
43107
465012
160810
726261
556308
850154
391611
632278
143081
683805
75454
604102
599739
485443
960828
887269
67316
896567
185594
16931
886257
933722
268332
891190
912364
931053
806200
271785
366504
55698
722513
923814
520710
397527
650076
591222
761885
555891
223500
904965
239696
298953
509067
353639
784395
984100
755112
365915
394872
454911
382846
281129
902837
651177
686524
329406
582231
492724
115395
462939
548421
837907
386754
583335
235434
551034
174558
997318
106925
398057
416489
860824
211215
439760
728667
509814
423860
997983
875729
332936
967098
258575
614065
869935
423956
300589
199341
6187
307517
828940
983330
370142
666847
370084
953477
416486
921117
128035
928008
542246
40296
344497
917274
251510
784257
160146
761324
722321
158129
637053
55258
125228
409832
183527
509367
833787
998319
222913
354179
305836
51853
337509
675977
232904
221797
143659
649389
657118
785897
577398
713568
826193
436099
630842
591907
220356
790987
353231
456882
463320
504488
26344
102752
428524
209870
612119
262312
722393
349236
130695
28229
401088
33739
633991
204204
876273
797585
375526
662170
374983
89094
488363
325286
234140
80271
59847
25127
947705
516728
2651
966398
543071
105403
394922
267145
231726
171438
989537
580961
302132
531970
982048
798743
750379
130244
2947
140857
927828
892676
803027
817015
981769
805594
142302
730113
400069
202148
755239
347775
233080
757890
828377
290355
377497
223299
557499
609222
394737
547036
190183
211073
79006
686435
9817
343589
330883
526967
484446
258712
419644
287473
589931
915617
607271
246437
645731
68971
915174
355115
195868
187269
697696
486222
564765
920994
43721
688191
13476
878373
41009
698170
79013
565029
41760
409896
606200
526205
182812
540048
327882
772742
969870
449357
19180
129806
456697
496172
44980
326016
692040
746453
23712
692466
825422
944706
250392
513614
288846
869556
906191
844058
567727
985204
409087
609486
395100
529492
649895
577911
69540
491981
864857
39410
941337
398241
169215
398035
894413
728399
238255
100658
474852
261967
307328
300274
720877
557719
328092
9723
427276
234284
853781
995002
219488
777072
118693
128792
306564
768587
706702
890308
774772
85764
929717
716109
484005
613137
628348
378418
341536
866603
479075
330592
642774
786402
145070
363651
858326
473162
887577
799806
707445
741358
309013
441137
32636
427705
569928
853403
710496
790834
743711
485268
876597
187634
715581
360602
800770
858134
253224
656510
238942
246503
501306
881715
547110
646375
759570
405436
633741
161352
205242
341186
902710
28459
296527
449550
456163
380659
302953
166659
171493
560869
166131
562295
748502
395916
437101
63477
254050
690325
719986
7196
451032
221292
403115
998141
381871
676889
917781
15613
838241
637227
871002
255156
665685
167530
704705
121848
548188
521862
802710
233886
82731
483045
310385
345437
878961
747485
408913
647215
952014
128899
654411
403047
864394
57526
915392
760470
248620
833174
776082
86861
470401
647084
342016
136087
328818
46721
772138
391211
82787
574849
139301
165518
57894
449685
510954
451059
711374
434072
98275
177594
77175
752685
94845
455774
324415
10237
216244
573034
843410
992325
174099
828016
153614
516114
478307
996636
77039
250445
387847
43362
41352
839547
397392
5241
864705
362655
716614
298777
460929
894207
375952
727818
503256
831725
566438
513493
562173
653676
871107
554498
827775
213328
222316
343889
691634
218952
420928
942079
121003
94958
281577
162354
934504
193173
167594
313414
555828
398413
126396
530961
292620
16552
258780
310081
848276
825217
823573
924653
478893
208885
479151
820872
422213
215671
164762
113847
434623
99894
570130
555625
194851
365912
232184
643559
559084
399777
956972
629116
798189
83368
674282
605014
99919
447266
915094
462399
272483
252872
387052
265580
461756
380407
86453
398173
596078
765418
512020
544905
865311
82150
614734
60162
448061
846917
217925
521350
246695
174897
664670
559088
772469
853156
678306
386592
300422
107605
363196
87109
360476
750247
866893
336437
644859
467550
734609
755141
232968
246629
300046
98279
842983
914779
672644
805248
761697
46930
522596
579669
19678
595888
352138
872833
788399
252935
173256
896003
616130
260364
256480
880581
127257
107121
525440
594806
841729
794785
19291
94831
440256
959750
523815
627104
279203
285512
31877
120006
322312
611546
139683
432404
477888
12516
220803
245027
185771
116807
861156
960339
887490
741738
87596
508815
781382
196607
350544
576168
538584
467311
185203
493045
941265
709017
634353
220469
508733
666230
340474
345249
791980
994360
777653
784072
6876
512660
29100
706851
629466
404460
667190
31161
660402
268990
539975
441785
979800
404724
532157
518385
386239
231564
525634
327505
940581
159987
62178
963518
826216
402651
822972
618196
911215
600625
916473
918090
627489
945572
139146
256956
350032
320540
802320
10435
103735
856500
966423
83535
261224
12785
116124
647462
244348
641757
489171
699133
801744
551348
176857
627960
468203
999828
760361
379418
114658
676834
811713
742146
136611
950858
513306
486642
785603
315627
11281
403542
172127
491908
487076
947554
504692
117405
109221
263245
759161
598392
476582
560905
149740
167643
703070
617943
167471
977635
511565
282128
654469
323278
538479
305284
788341
51785
791925
573944
881615
317411
977485
567946
809318
978765
515500
828215
96170
624721
605664
855331
737317
82246
930440
887056
249889
147715
19204
931563
125350
530769
727896
294023
854046
266375
599306
156592
318159
905436
730535
713979
222847
222225
281925
546369
715195
311630
888788
325569
450555
494452
180900
187872
90903
625545
589132
854995
773259
122541
786558
412814
653309
514454
706836
21560
780828
820347
178152
613192
725783
422891
327171
462834
159321
123300
523407
388720
434929
412196
714288
885483
420852
409393
587559
511754
34938
176692
366749
322401
299232
667512
249419
466745
181966
956255
2509
476999
776602
694864
20928
631960
931565
479423
305485
54865
2830
694204
3999
929229
408492
403686
350082
817884
991245
861835
367026
682141
742789
203632
495577
410301
453050
476526
592266
409305
479034
583469
700111
688103
673659
716700
320063
119429
710327
625547
174294
227362
319751
692496
156591
242447
96182
20877
60332
601631
882712
941561
283772
139706
145193
293553
550006
598243
770078
656476
521752
763317
239946
221864
451420
427809
452768
285687
547238
163096
911233
235736
904661
745188
928231
61252
987634
538617
596333
562170
140249
479045
503732
938224
132955
648924
231778
197165
761371
516060
853640
283124
279377
607790
19192
245001
549804
471959
530687
611246
149259
956124
70514
701312
289417
143581
688947
828033
739913
251117
482486
733162
269053
420711
866116
917977
166693
63281
193553
682752
431125
476676
476334
553120
10072
721334
617128
996235
766226
228374
145494
722350
589559
227823
423663
393180
371403
626814
735417
111316
392135
217904
844477
661188
638614
710593
93370
805306
288078
286922
2263
719202
277803
478596
786526
287874
714135
403654
284109
994565
632027
943807
716915
735790
171630
654782
128970
57237
281596
378592
168552
673731
596495
13029
849123
749313
237826
942492
554619
525903
743618
71086
759309
535625
549682
545836
823499
778021
949489
621812
772586
95722
79824
3706
345716
765657
658488
474686
822893
940083
853277
991444
128019
963976
518677
977141
713289
756502
433838
782112
796609
691661
853197
555919
227286
917083
615959
564989
695104
565448
186802
981894
175374
780829
985600
521090
546487
644088
509980
883584
98376
877461
875029
58932
907910
717740
68931
664413
665783
851042
975226
357444
704239
531145
98934
135528
147104
663923
830631
226757
850724
326731
916334
145758
312331
951628
692244
470623
461608
575829
568998
853273
965062
309597
208915
872972
541542
277845
51590
207325
643091
26817
78973
347331
72166
177906
997062
733474
356033
827693
474435
206757
668628
390769
866719
980958
342398
558963
451581
318210
648996
534784
171484
128263
844380
380398
515440
385922
172448
81234
107451
815538
622254
700627
677073
694420
392738
674135
942098
25169
416533
469732
684661
321506
336451
179825
178108
409618
145610
496318
572819
680393
182006
701081
524774
76608
730725
424900
249055
811959
46556
578798
434213
261387
255871
642837
168329
444211
99140
917099
460244
29877
901035
659109
351383
751690
838933
529490
675512
984543
540012
248331
179141
722017
463617
703914
798625
194342
643019
561884
6301
203779
140682
954718
979369
910757
111760
147699
354968
210900
579002
329416
240776
994241
988524
106363
745931
827458
635853
421443
326206
690069
669774
505346
412087
647595
723465
724916
841936
880688
801004
362442
598671
941686
831364
578040
366648
943123
239943
721615
668227
818944
51031
909003
327390
553759
15366
73321
895421
165423
8969
221627
369697
678742
241178
781783
840541
478847
20904
682477
873739
821907
44919
472410
277798
876282
564654
644445
333611
804597
880264
1838
137746
445499
425045
465136
999258
954615
538456
408884
634242
61629
144716
3939
740370
385893
785721
580911
378944
806624
777593
252683
142737
336716
725092
420534
727203
289746
579184
60814
608547
459448
62651
746293
904947
1901
725633
418410
956515
778293
827293
590757
839922
972008
594696
94497
872105
894621
189613
251049
701246
967205
17936
358187
303921
743027
778720
545328
546978
357904
606141
669729
331557
182997
930226
750708
184897
655859
169118
141412
434153
510615
732168
788279
996828
841068
882775
868933
735690
72388
634187
951140
39593
652122
309327
857718
909354
88047
403046
970536
960155
523392
640265
291712
706388
84697
556624
405489
740555
725741
546900
688912
750560
793272
477191
747388
634341
359967
130527
370031
946558
764713
321171
500356
931039
144702
872278
840393
746952
275324
325134
707107
312920
965399
513023
19308
50096
69647
939000
304855
309592
485900
507972
60153
793377
985162
321745
941922
859333
452271
311953
805892
216984
147328
820452
148024
292029
692730
502621
38981
968053
827755
260293
795178
307359
287520
328690
871658
871371
267691
690717
180963
267795
70887
61172
698056
591269
3094
557389
43540
829250
877485
774728
490782
697937
436956
297015
390667
939576
850200
872925
281536
83749
588894
912216
510997
974756
783587
778687
665474
478755
46483
864162
748278
621858
562218
339547
139157
633812
383087
482611
25502
157815
973393
237644
594770
270408
628310
48551
120608
15440
330087
745304
197747
433185
657521
222949
407942
441108
1636
73416
434067
562322
451782
182346
698385
14001
521892
837541
162017
904978
320152
187518
576997
293545
425161
685971
78158
567676
734522
712969
97320
578813
458274
809271
11998
629999
32220
419939
585311
548059
7559
19379
110382
459341
715928
808766
987545
237820
160512
663766
657003
480663
851283
748204
288413
790649
434176
880774
872529
682902
593743
484053
261715
566221
293324
787916
710424
839747
722060
295736
387807
729618
829318
12393
703163
545246
821158
690708
297270
495874
354474
954272
976536
719962
702477
779153
24816
650857
659927
897344
333759
253671
381397
109678
334096
188926
897593
44521
28673
133858
340256
416479
863476
683778
943075
566639
229024
278438
771552
526293
774311
640230
994770
750848
360192
697247
530001
899211
862308
704133
796555
710271
957803
692157
819948
291899
395287
231746
850623
938163
365604
705083
354643
743284
388861
811922
309923
617884
90361
595679
658382
864671
235910
653152
129724
110306
864603
173930
9518
241116
878062
320277
951386
350070
526638
771334
156173
921924
517284
6797
860088
397092
711879
728935
140376
100741
540857
964503
232829
631217
560182
405415
10094
796091
58567
139817
420602
437374
827950
430119
678489
706012
750395
629875
56082
277034
915413
212255
713162
946902
733255
573250
343994
445134
816389
484370
60079
871451
963077
807112
16873
523259
212527
26966
833555
271094
680987
254157
222672
508937
684275
901161
729154
948874
45241
299440
740112
474859
25899
453275
421761
759153
540729
279959
718492
871323
278533
292775
742774
241610
99887
759646
764869
312414
300817
112629
97712
496008
366785
320383
519149
565264
735748
248303
28343
295194
61948
768455
770052
87846
735934
706017
361204
790867
500180
593900
662190
778713
886674
919168
20323
986561
678815
299396
298975
493836
412024
910890
989843
293013
231273
508992
372481
481226
271500
400824
290624
333447
683483
60676
935496
419417
280897
810904
210284
781076
404804
386679
73994
291479
305847
94317
792244
498866
393712
605423
992701
319941
516313
496749
612953
261790
5742
985434
743015
791445
900462
33639
639096
583945
608518
574592
3362
403619
385497
727849
698900
790300
628732
772893
595983
448784
867209
388227
947649
775126
507854
454556
609271
24167
951304
222224
285957
471250
721862
543176
262695
622324
91020
901790
206269
213742
990587
723834
617361
890288
965888
316261
194793
108825
603358
790776
557608
984772
693207
505258
274103
201062
474018
883373
739432
425322
105597
25389
410777
341664
82770
187676
963987
173789
89467
684461
387530
594258
408295
519095
484546
888387
349560
679338
997212
952918
984318
554820
937690
677526
574282
725997
392792
48300
609370
132224
987826
714966
671817
398603
570834
754586
586278
534822
928374
189949
219283
830108
298411
141782
349204
782956
544374
698763
462295
541586
165886
446613
610610
617780
638343
699097
343777
31135
261601
953146
677563
249427
182318
349380
162234
753151
103966
262717
802177
546544
452665
535664
376652
751076
677446
240060
48237
736024
453028
510531
791814
618913
471349
916628
236694
623896
615725
580470
655031
877326
47822
846798
640957
230139
196178
803191
497494
814347
65908
299672
360891
32777
835335
251747
298057
26986
6012
346294
277214
459039
371029
69028
77952
842377
985656
314645
466274
601381
409320
635509
992911
971345
482307
633869
715688
192689
437060
213182
7036
17172
512853
882130
49948
862393
648081
348005
403583
654092
694298
680797
113131
579531
749824
191083
51075
19932
402387
851066
943455
552100
843977
429005
548611
992050
144693
255504
429110
357875
776743
960485
384932
173078
10434
247325
80390
165113
989455
81145
845909
102586
660675
595733
807872
596788
845418
342009
513379
210689
799668
579683
54666
228674
128294
46717
887570
898001
990030
245445
674744
950516
630377
847821
475154
391906
183185
347796
557018
172640
943144
402927
789429
603819
512865
111507
714812
872487
967719
742395
83176
767387
322079
652045
510265
964576
212966
397836
862578
202997
157485
537322
667717
302066
899348
657075
693972
82533
519075
765194
255172
462219
682326
558805
580242
709395
670311
809258
581882
638030
551654
665057
919622
873732
831306
944091
838308
44273
856131
700886
761473
13617
752413
429190
315682
651761
600469
523858
734293
119544
289053
503669
95967
971378
62474
190413
680773
246990
999671
776859
885019
551325
441916
318846
939261
273222
262938
291774
831698
119069
992660
593171
646889
259278
536565
962571
911038
137034
486429
159536
770781
289686
177409
866747
775268
754086
571365
456041
1076
571036
232900
400300
636565
189020
719145
575826
976446
496287
867599
808144
129561
374464
915520
776449
147946
452085
253225
573188
589119
253859
732723
874104
543544
424336
255057
318813
178423
826421
289058
179498
911661
36163
579797
548226
739386
813147
638256
715832
309434
20060
38182
438994
908728
953701
729648
570878
919990
497077
144067
509109
750935
876789
897418
808684
815330
152475
641701
993752
493100
444963
173250
404761
995329
267252
467191
734716
80399
619651
964752
389832
153915
517138
343031
576847
470839
586883
147726
390830
83960
291792
414143
349100
682785
825765
671988
498115
492444
827893
491867
985543
272856
179322
904508
782390
446573
371699
517106
526971
505554
996062
431007
173674
513201
774037
750520
498244
875124
898245
403278
959084
704241
331626
822388
901231
157391
8581
399346
649835
836473
405418
149583
623533
584739
54092
405923
545516
939994
437233
72487
445549
433296
17698
619222
460701
305940
369742
958944
181064
782192
876427
654352
638
208053
990944
901868
879647
999524
815419
43687
835997
220837
193270
973735
319780
247361
379658
379500
187355
331096
451986
147108
278596
983887
766329
739296
289827
650276
212445
470891
946672
603076
639447
947309
325333
630392
20022
629916
178802
762871
980118
913842
956140
953853
233622
717705
847715
613121
905060
178811
579311
52168
971610
77403
332702
710906
367230
497182
437556
352325
443854
554836
991771
905367
880169
622163
268750
599354
252080
447551
362225
746402
875597
318366
700255
109219
36071
547970
236544
455335
240986
330059
21708
212596
407462
53173
288896
365795
389467
641220
809648
944302
632991
229220
824471
769359
497970
423825
535643
459725
300255
282045
335323
618620
982299
958745
168895
44474
709494
138435
799663
553757
160142
526464
475423
542959
478375
764318
79369
919742
232606
326348
66939
461825
665024
836297
473999
603053
886144
933724
903307
168189
783251
521927
664692
256201
205027
223370
965694
343461
23034
519452
17807
549497
509079
74970
27872
787602
983722
409917
707344
730532
736264
774282
192357
915492
124784
180561
518546
10928
628489
421853
693320
411740
457985
872216
182145
663011
95587
147840
520676
632824
181496
52687
696525
204779
127656
238601
992380
625582
648517
699725
356114
898985
988211
62675
814478
627200
757439
333024
152332
385928
269081
845652
311872
727065
717868
494017
904280
327659
156061
939160
960482
337556
991846
657007
542334
633706
895607
48920
259288
58329
748644
129606
471519
251060
706485
800201
878259
463924
133225
544796
849852
916509
390448
675928
643575
622520
169945
547855
950179
326005
1221
424866
177765
993066
81874
234304
140978
491685
283223
914469
64219
546071
558280
49942
311335
264765
850142
703799
728688
497571
248595
92745
414080
639042
768673
57655
775766
452822
119715
725945
293032
120935
150812
470796
628205
32068
283387
752778
16731
197857
331201
77006
756136
381142
388341
535105
231284
92140
263793
728854
854938
870742
142935
493980
639415
714793
783950
92237
348712
509896
385268
469646
174912
370269
612056
436005
103777
895442
702987
120508
607503
34189
711717
877843
929534
100058
412948
675023
706401
190946
403877
561339
61688
61016
569523
215307
290014
353474
307543
638725
377574
207016
622576
66690
91489
234632
16899
195265
644278
234090
829976
765986
782482
541694
643829
712017
155956
570982
387040
376562
276132
305121
937900
337819
366137
21629
553125
656150
889306
374872
809079
266880
96092
431655
847773
187580
666286
378876
382845
824769
612965
212821
590755
395448
268719
748788
107465
424675
833974
8709
801236
624310
313829
253341
962128
194170
274969
29458
364524
678479
918534
173604
459563
14626
605258
307336
202206
785749
686211
99255
124723
813381
826279
229682
208829
94999
492674
830497
33878
326649
353410
349318
950958
181443
602658
427292
375613
391832
970953
254341
70311
403692
427944
529874
418318
547407
351414
134728
847360
551830
748186
972082
365211
574465
201764
88244
183668
694437
918740
731749
535290
272150
81067
454
453592
683725
941949
343409
589761
912902
111955
660071
316595
54103
704149
249117
601509
55564
898048
963073
607393
646234
935155
486808
734903
651123
575051
432776
859765
7996
164525
395055
794349
245592
909712
762145
443521
851661
619759
33282
764564
731713
207557
595363
785815
911706
358684
387325
481474
256732
864602
603071
417170
799758
604083
152073
965085
179134
99053
824850
701333
777782
734110
495682
23374
158027
257827
981098
9689
877585
528584
288457
123503
250345
883819
909318
676255
242503
810847
157729
13439
675449
275004
430608
989411
879086
96885
954497
572424
710142
293552
273757
487924
541866
283643
10853
541470
6600
223786
933259
49388
512242
56763
299732
910265
966080
70272
291132
647920
680410
966580
922924
625222
955992
316215
722106
910489
888639
432248
718245
676600
920171
260112
960243
945672
474209
15918
466476
697994
463381
515863
210236
520143
329800
120501
428
305787
301677
291559
467911
982086
772344
905039
607308
728336
221255
843618
153030
624098
790071
871274
300698
224447
645590
775145
684324
119799
791062
150800
331997
254444
180868
542232
288791
24872
176937
803423
330658
992817
609186
312773
974903
381530
217813
96416
624070
439067
454239
777099
577369
244310
162579
392271
468756
808168
167417
667284
442172
472683
818084
774168
727126
513156
830605
530122
538027
521746
333545
382889
514564
456935
209866
3672
838465
427678
614292
462535
380949
68531
753839
958317
827044
916417
350589
810004
724585
32210
477289
680961
504892
809577
455130
746223
322733
799939
276345
374964
321685
124094
272057
350453
581028
481922
354125
933697
909600
482621
910437
804753
551151
664276
763071
378195
580693
627864
702403
819482
174278
179692
500444
679169
989268
955573
425392
826205
269717
215941
715373
591401
340034
987429
456059
921062
983556
324388
854759
407361
807008
765196
212114
872363
943676
489389
250558
524369
631457
952960
343852
805734
646857
844295
999108
636125
314073
424500
976535
583789
640441
691908
689394
494679
193543
145453
415741
691303
984044
784705
98664
791052
64106
824981
663415
521987
828575
428177
46356
460032
895342
904411
779971
542199
748706
779079
692528
576983
717783
183268
160772
872428
389381
364371
367108
97128
24028
297053
788430
8073
595962
401298
799124
174273
740483
976744
696259
569058
404921
742614
29091
814467
647026
323266
870870
909936
102345
77604
1125
820127
260871
676100
692556
650251
40471
59664
261583
64499
870920
50013
72571
466883
965514
871694
641155
705998
362643
337414
789260
767564
594232
332555
96236
755462
655820
967106
179604
758164
44710
180728
578292
305580
856827
785052
470036
897298
358920
731618
961796
229840
295836
548571
696722
775554
934469
852081
481552
297113
703699
785017
578881
297932
117572
675116
53394
773392
642222
232997
45761
686931
927928
138257
506716
784756
923308
976751
682054
796432
222574
158055
26273
518409
706625
237199
293964
641094
89281
289720
452411
307184
74737
31292
605115
706513
706408
172714
994109
348630
919914
39870
35562
847843
178127
542277
632599
615639
33233
828857
412072
255806
501116
952548
288420
207741
189747
582383
363039
793231
386307
815450
100416
975248
846741
219735
681761
67354
906652
190075
415984
826567
229944
965749
188615
922274
22231
335418
52119
55463
164275
464190
311268
665390
416738
113892
387335
120689
696274
264578
428125
596786
47425
572034
955178
262479
767999
22532
683336
958073
438515
509903
188017
404264
212722
624496
426494
548139
676614
996160
226618
140804
821633
406212
71746
935524
793546
706638
146004
572328
134763
71215
177507
314823
121739
954190
82822
144270
637526
555099
582785
661633
257320
501253
388559
881815
441952
936697
558429
438112
677519
213437
773949
83731
799386
709474
877276
506025
855477
963808
154992
112471
130369
846703
427293
252107
315098
24319
396377
466828
93622
493366
128461
350941
508823
31224
232757
950774
967920
791185
903091
645439
518827
677040
243374
318213
900718
634854
824237
270400
598662
493434
382870
729031
340137
810162
981137
655234
348685
891718
122062
8279
764726
793247
408112
795949
540208
873090
278074
845597
776181
437717
364424
967426
681090
196842
868144
315944
535283
138545
428810
28717
521414
157841
368853
845781
653183
538291
708670
59106
660352
665181
958394
939282
972632
880710
249436
512840
753800
41714
872641
44187
479430
237066
11613
674724
433907
393961
504872
969189
46710
933682
512111
568124
605727
880963
928109
258910
933459
150984
318016
108016
330369
790614
47299
303001
671324
810938
330045
939328
852652
716891
983514
846286
468161
509331
521011
902067
903292
540087
385461
950001
473769
411776
32330
79497
292740
474643
852610
740403
139832
684830
848418
470200
475444
409921
287406
660972
220860
131655
600301
73512
848545
98020
919797
316706
607351
440808
732977
24848
495100
632643
489053
483073
44419
521383
76774
851362
510230
929384
591765
650061
614214
440184
634466
603863
850104
921871
264835
70964
53526
379340
144475
902071
477360
578477
732981
598915
19285
465959
137967
28589
98602
17238
143020
148402
588435
994382
172837
517819
100352
337102
646238
540535
971567
250101
904844
893438
29140
975807
461169
922684
634487
877444
400044
212964
610425
513163
746452
76384
651129
775041
689189
278148
800907
346414
940754
389342
855000
31081
955351
964896
581808
495887
936464
346113
400731
829902
375252
890742
805275
297936
39434
682719
212184
766601
293145
239551
513054
883732
404884
802299
87127
683032
117411
433540
137991
506752
288540
765785
442322
243891
730681
24130
253982
181350
370242
168917
525457
259699
573864
330732
71839
613297
13452
284023
894103
820800
37778
407157
704532
442662
723660
305863
639898
841070
739402
777888
862026
542146
57878
304349
300242
302763
842682
554223
484113
212925
237345
9570
472623
811208
340301
544461
938709
867956
342688
832812
688756
894670
754173
54246
