992037
213356
491434
347312
466963
269322
209339
9109
841403
27892
309350
144166
870573
377778
142483
597702
615122
152052
584529
940534
6558
643195
393448
874513
500087
226261
77475
394757
494638
984967
246293
486676
712527
737726
348192
179490
521252
71735
702803
876859
99626
526357
21026
484404
904134
677712
596310
33461
829764
180840
488199
350526
824034
881647
739243
324121
622112
330922
233083
116750
315889
479375
117630
542621
731306
465822
236315
766762
537556
939117
643622
151387
465475
178852
149995
369609
856563
746304
917274
200532
927143
405473
65262
265382
801324
804505
103708
423436
135427
850994
54391
965520
844573
686224
508141
575879
152046
744455
856846
203807
197778
500468
355193
663252
679319
19392
547065
50087
765695
464339
250619
207044
384017
315880
986629
699545
634589
90337
122982
770016
941330
691576
249741
785904
377800
272086
875987
44051
16541
732833
247857
728522
747505
117254
391774
426824
136645
453044
476911
416544
917382
241734
623587
815603
71818
610217
515149
706407
214758
152335
476423
670293
843910
240368
970401
735914
512453
846388
779964
43198
93427
542025
771720
840931
659278
163494
781960
310127
616537
773075
726671
48125
529013
864462
377932
600830
988883
407285
307237
203642
559619
297864
873934
917733
538231
358540
653648
50684
719132
433612
93882
812558
975637
379806
167695
149120
543299
463859
459247
674041
751138
700122
236370
280151
78789
614301
395185
67673
535791
702422
785518
95410
514490
173657
13144
52722
532196
180996
617609
251328
614607
225695
578091
104449
605500
259990
767773
663004
723848
227020
851249
989190
441346
87619
783545
520134
216124
178730
102011
751914
395356
887528
361529
909846
61185
888876
476772
593380
69872
608585
358913
198683
834280
937003
303132
953984
196993
70905
616988
435045
812128
468237
424235
767678
70060
207780
802016
800388
900713
904027
552302
296070
305760
913830
205916
366945
316911
196892
474529
386782
805476
347646
585465
639756
284649
402801
107946
995845
987909
724933
430890
800037
707375
369329
81920
291639
91313
883935
92027
992026
302167
644329
288096
607927
72364
8216
489076
903479
205107
477809
290261
10583
825455
875725
164544
624308
792730
272489
620154
780639
997421
565248
94881
219001
448782
176800
510640
540094
574940
602666
532120
877106
761199
334420
999237
347768
342635
488313
251247
61946
480327
55712
72529
305782
931437
237072
444294
238372
509560
578652
19012
21186
143901
113892
754391
106887
290692
779235
646980
865631
896105
693305
256942
657305
541929
256180
519277
884564
744492
284728
946509
739023
340439
533242
44805
786080
770313
489099
24453
794077
581955
557668
329468
725855
671559
83859
832741
476455
377298
993926
856290
273403
201436
113233
444912
743364
369412
964188
142133
628108
763120
602847
367132
617764
136089
926140
918048
420607
929443
456705
214684
511399
14373
58356
751458
685932
656418
98405
676591
33716
606535
532882
307119
807970
646114
752030
551334
529730
230424
693467
672042
993543
296314
553378
125512
946606
993723
43561
367213
923166
500265
96102
948769
514638
154457
214433
714774
325080
312837
391365
358795
433576
924246
665913
241546
84565
932148
792879
128499
162572
551
800541
670319
811068
868123
795831
757675
861846
353596
124888
299218
853860
735193
247987
882702
403855
976623
597476
728934
803664
503046
87729
237240
941496
267847
478785
26062
714199
785869
668764
876770
786419
469305
61294
111693
337429
371329
869367
713479
724924
508459
12697
92990
243653
774888
975691
161712
751511
87373
890645
555176
590418
492578
792415
531914
760424
785405
72180
474623
571274
740944
865597
871897
724453
441096
497794
576086
812424
367161
289566
537349
389825
816466
630338
147682
591354
120234
309393
857070
207606
200038
926450
798023
692615
233070
844142
967244
18475
430526
956071
103953
685674
335874
490055
410128
776969
987848
986213
589393
869214
789983
640946
259039
120655
785488
920924
226213
905722
230317
83283
113328
944558
523937
425556
151378
757007
783902
118622
289686
214428
588898
907843
900102
924771
397898
824434
701740
385746
324852
805337
769164
629040
446284
542407
749694
231772
463331
975906
651698
207852
59190
765026
666614
97331
704786
817992
854337
488688
450818
658228
703115
39716
566071
117422
478691
963968
456060
180431
863918
780912
499973
633083
409952
460461
689694
159646
206437
153026
135552
858135
875081
708945
623161
541696
806276
327947
359688
174818
330839
810505
833045
548158
364426
399116
179785
843116
877288
635844
537752
741207
416756
551929
888494
340912
12390
578188
14762
218826
245418
664518
76961
120500
373463
214326
176400
693943
56477
536087
382966
387315
860796
216011
935473
739426
129332
115258
96748
6620
265306
634499
262031
682062
186428
150525
537178
198817
242918
551940
931846
2540
216458
8808
123039
104125
737337
813642
798068
793814
349729
181034
695333
724730
911248
145011
464156
40580
774472
560903
561404
39779
709606
823434
721840
410238
488164
773222
609054
245286
325162
55106
247825
541619
578117
885068
159949
315454
698710
958016
623472
562644
653254
318806
287374
78707
978020
265734
633491
752493
340842
194895
792271
564652
532533
28316
974890
534901
801537
98149
780186
640904
153254
542216
696727
731370
427284
856675
561029
640198
328896
184501
202842
982149
17511
4420
575061
995531
784358
208552
748024
125200
403446
540295
689851
450183
82815
178946
985084
884351
277095
279475
525255
430348
821690
221983
675923
763178
592862
236952
403377
921758
421452
120423
418112
438963
124843
993172
948698
909200
201724
696722
548604
119374
751221
752659
569557
834035
931605
554641
232591
208700
834115
272051
153252
170011
8238
829174
933188
601099
66126
336565
522857
487578
456988
940969
440745
96035
934141
389443
519439
650070
600369
68043
769443
351590
334906
339000
699829
266511
893640
932419
989414
241961
204470
142667
411971
212707
486045
859363
813806
552171
195929
850867
553953
167121
306041
994697
777359
240183
898344
296798
404457
498713
879044
173900
850302
728154
512900
550131
508870
920744
996754
498284
676909
201225
155155
603084
928135
641200
462448
256146
707575
172581
107014
261528
853905
413054
770429
631264
167441
668773
442266
571897
167486
835514
745797
531992
563668
772901
596327
586742
207850
593081
85027
884759
308510
754385
487843
236646
909789
950290
492791
617364
122871
114009
393096
976775
527063
163525
122244
208708
346502
78714
294810
28192
914227
554811
74388
992100
327712
670714
578842
535561
778000
178073
934524
600714
446663
422368
837359
356452
886862
844355
488021
9734
958363
881116
500713
999630
558846
137162
722543
905347
215875
17353
933539
644307
572163
522131
636407
414079
192846
215249
949639
485050
907526
398369
85764
354189
820736
923123
224845
707598
281683
712865
231536
754250
108187
246454
753881
667032
897819
476424
86584
113694
7981
534327
758000
580143
56459
908611
994221
763508
123861
458065
248558
545591
856433
334321
899779
191374
771648
124624
413177
567535
351694
644712
321786
459880
405370
589871
641116
303189
66295
241904
931087
588479
776231
689087
168622
346894
597699
677047
110402
235764
649316
873163
781354
19955
721688
195338
211328
7542
319961
624504
575076
671654
783421
896861
645738
702995
486732
286854
520389
67231
528758
451476
655709
819193
654767
338535
680291
766670
529786
790692
516638
179103
178060
297992
713261
899747
7534
924588
907288
841699
63298
996569
513353
360923
893430
673296
63918
894367
474354
584306
475802
3112
549986
645716
336509
204754
498455
16800
971423
28242
321696
488062
721548
499755
300258
434809
913707
821996
873601
335200
663695
451103
331769
691252
812025
739404
364548
390148
147976
838902
488658
623777
356218
38645
783697
206932
757602
282153
223731
729025
310394
59632
731291
546146
73591
545754
980954
987297
367750
368760
322498
31445
819863
168471
722696
146093
907874
601449
536240
570054
440351
539103
193832
310773
577747
977528
517704
335349
773885
255640
578578
84279
315271
824074
630424
388861
369828
125583
376159
251782
494343
212861
283226
828410
895535
520126
974502
317615
121575
24948
887668
76130
564050
81500
901107
656001
573233
418811
505554
347118
674450
84132
945601
989720
908205
90230
892786
792237
730017
783149
44019
224360
996009
841448
52770
405749
875779
541476
723363
511558
566423
611032
587688
130473
206736
3000
300678
294173
421810
806231
155496
96261
890363
101097
600185
312773
705530
492971
619215
435547
276120
663233
174111
786333
18887
741084
192083
894665
282561
915445
406223
363188
526477
508115
7866
247418
511114
308543
541590
447129
114775
697085
543389
519342
312386
657778
832114
17917
664954
451329
453463
455278
628767
141779
241612
647653
882862
947898
56523
165423
377548
976949
528611
418230
485065
536476
665647
510383
359223
207237
957511
473997
904322
15105
993338
216708
187088
825453
748828
852041
790986
716496
307319
419753
858274
63135
581610
741136
525237
152337
420764
902785
129287
463579
835219
614351
55
500866
638938
359277
708102
110655
347479
126629
125759
340817
857541
827050
680474
606369
679091
985665
322865
500615
919622
181139
77954
501233
436480
117396
653569
857243
20181
782855
320822
369604
911410
835080
870469
64554
708561
92776
175208
56040
219405
815170
396857
591150
642221
591535
197519
835516
577200
34589
336131
496823
729931
928289
512260
166411
45685
165829
23654
580069
462889
344475
949672
888503
179555
820141
953056
888116
427121
642468
458360
160730
457639
855216
751879
614064
960956
463603
449580
538156
498191
299916
34979
742326
228205
547238
908737
788093
227272
932390
882366
204365
791070
832038
607072
484829
166384
74334
887149
593504
716801
345510
268439
688644
714930
20318
302708
675886
998124
752288
214043
10520
566408
763225
752846
308817
824668
661583
96910
566144
108178
979275
770508
413452
325518
891784
898281
6106
966117
785430
599609
682919
130940
382252
371563
845870
402570
188476
521756
400694
454968
250003
411214
21376
527433
678264
330192
352101
854051
941305
432449
962228
434785
717161
375681
274507
608945
788166
280612
575063
573596
394425
257982
218741
776677
143749
578815
179247
332224
100571
94145
787191
864778
19563
322771
392211
697826
652962
258516
551877
108472
205169
28311
543256
922329
918195
817762
531274
706361
98374
620541
794161
7004
878522
527106
783680
7353
962926
382904
206492
571275
684300
585474
590838
7071
491889
802868
174238
264609
868950
282709
469777
897260
340170
392106
329660
672136
437584
550225
284715
58126
344386
291718
450852
871492
75398
987327
977412
552528
884436
698108
123803
568736
797786
228845
90011
289675
545918
264248
554283
414868
61162
24060
826332
915535
930369
155992
101876
367954
706216
386590
426079
564806
192512
876930
950502
782113
378463
442120
334641
262899
654432
972648
345839
452219
715697
950053
741893
261615
728506
810381
676482
789667
834440
17019
219407
279015
687214
321282
646968
393430
222077
73047
472441
928792
464181
422943
710906
842643
865062
559751
619746
33700
532399
479789
485918
248097
429843
742015
23916
158349
552396
214603
462220
901041
231621
681626
180056
918835
517112
827023
826469
253393
414274
298910
182186
392659
236058
893091
235303
615324
452842
369253
649023
499446
363247
134941
261747
793089
876956
285662
465642
943556
500264
442066
844597
246090
637896
24653
164925
155008
365880
991393
922605
294358
804508
104791
687017
554770
512086
436524
170094
479132
319981
333322
978577
683227
982466
754528
990520
859422
40191
456162
317184
54659
412432
161781
300748
50328
700638
979876
205336
580722
485475
642145
875080
289983
746935
76302
358957
259021
512825
529050
738152
832805
376576
230935
516033
359043
985462
20758
732669
539857
991124
49853
594516
403556
725838
409468
453884
426476
389345
173424
521402
874819
815568
396482
679006
76708
472783
37963
335728
499812
81217
588084
332618
457793
333223
362855
816835
318686
897816
549504
858542
888940
599357
967262
292497
325195
376731
260585
265875
766075
948212
787276
155099
763780
697963
834104
840487
684950
386271
690419
184763
467487
792707
31585
925279
125931
908643
742114
958820
806459
805823
331567
209605
919384
298830
16306
244579
189765
276890
24658
470044
225102
811933
625142
503086
24101
973450
857777
709051
359721
548196
408018
827207
340903
953806
266692
981037
376654
8806
939857
183113
328833
271425
392717
248217
84459
409022
492795
274223
200116
31657
258471
425217
843590
883612
442507
381895
371267
300284
605150
730987
362684
527372
72399
217792
481178
339090
198829
857831
862100
652891
555149
190933
924315
462070
439150
522978
385297
446149
311405
585412
477806
569875
524834
835600
967691
967340
217495
338958
267625
336850
584149
630308
864221
656547
362304
859604
995637
561133
717435
857737
214024
786788
562874
652543
248859
2024
175521
634155
448173
1130
733771
440183
571004
258605
275783
538695
225946
7482
391857
7775
344331
976005
152287
722757
146757
514591
582361
142394
589928
814000
514335
803951
600789
77210
970698
363852
593437
146219
512211
41610
147348
245982
995996
232556
504587
785983
285455
244737
793465
677311
252511
652000
167521
919001
374757
314277
947796
471322
970875
537724
285323
999414
855879
400316
76624
826577
764167
184266
487000
276378
225875
148552
522359
736076
381107
26946
522059
180766
785886
829728
372281
552601
481729
539801
471603
370690
368283
933603
356217
853362
985532
641539
852776
841411
41855
443605
182194
320226
627870
669193
110808
367949
331950
633166
104025
227261
174317
140289
408027
960202
970016
780307
27009
965949
834313
12816
850844
716800
946418
207061
84367
931950
848599
451347
287567
404658
409156
469760
239088
37026
653157
349895
919179
985106
497265
537408
212368
185786
677696
134599
660193
161918
429110
687201
127867
777627
700016
978710
494427
646434
185771
92998
92590
548574
544345
380156
467436
953500
849915
706523
504731
17277
570622
423910
2384
67888
475522
728955
253673
667423
377758
913865
829340
806867
601066
471411
98700
815286
964326
107331
461721
664301
200329
68515
212876
744673
448670
194516
212378
812789
415244
717108
830065
985865
655222
346653
53753
130745
75608
821630
312372
967569
249700
655916
774437
364971
127327
873136
180257
605857
980466
156182
270159
694999
224696
997238
439672
187570
191754
652050
359
606997
369158
344629
107068
538585
691281
675024
669329
281094
496654
495905
248663
746354
151821
537304
625529
793351
924644
805785
399209
419316
961967
669367
114315
700867
666605
68192
888437
372563
720241
403000
493765
603603
747628
600832
142188
953114
275856
325721
234208
286715
821625
997074
547273
487650
48584
172802
281002
973227
978586
680210
392543
454758
863781
21063
669830
44591
89254
558267
417153
809494
475471
425122
927301
223100
25954
583694
176214
816014
423619
924625
102729
759449
921699
650001
247099
970282
337007
528100
457715
829797
208310
850257
798760
586295
871319
468590
630885
474777
541061
562243
798475
16532
987364
725777
239631
13319
823675
930048
343537
247294
854673
446265
6743
290578
610470
253842
260860
947476
296146
232779
777273
18661
83037
90238
604955
468560
558827
235841
457542
99888
798083
256017
116420
785447
981793
870254
312970
805468
800303
170711
566967
169181
616975
573709
459758
741649
341755
234823
203330
637901
467601
494808
656561
64842
585045
261516
47607
143873
11561
505148
757964
809643
761164
874383
109296
257163
258843
936469
576835
573350
107181
143802
742530
238360
231716
716493
980009
573470
951315
183339
211371
933120
678146
382136
997962
263192
643652
559773
921268
169417
64921
679232
979060
340289
67821
602560
597451
326663
53234
174287
414217
160414
318088
670951
912978
549803
387444
407192
637478
852963
590530
848848
786084
782881
745189
298251
560277
903045
372228
481545
72462
951352
674981
565726
291641
742801
682490
889092
583668
735724
577583
512089
410342
895670
183041
323320
959678
84689
244716
597156
937652
835246
960208
237941
132332
705397
50396
206813
122647
422623
202562
195109
373975
877542
760834
179820
134549
443325
68912
232421
693253
160699
744510
103595
570574
927550
941119
530252
12239
185835
641612
464095
535285
116025
216240
181821
335627
266635
388633
458273
203462
105399
653381
91641
497146
928420
271461
631694
885949
854576
864114
93407
15276
608624
197001
585849
50379
652324
630305
62618
352364
271917
40917
887648
387941
257157
583674
723567
523791
486511
696045
241458
591910
349426
333098
89056
792050
604558
234954
192204
973339
99068
285610
988614
221897
996815
88668
272275
649139
718972
849096
515707
990888
890013
917560
893033
147170
501234
130806
185165
987744
826850
426622
93859
690480
273925
697118
482531
392687
932071
188939
366026
545344
474549
868844
767240
471364
64344
634707
676483
917020
150415
667371
807033
67975
74610
468407
83413
205415
167776
71157
32265
108603
679220
236949
382527
890542
233684
775213
822614
61786
882162
897171
524288
163607
882739
481800
717325
31651
158283
634345
182065
339859
955582
764243
414468
938193
847655
134087
105970
433017
680555
214572
626441
917503
111303
516983
151188
400720
853801
573810
56164
735963
985185
580452
899569
867924
576456
131100
413779
248943
279649
595844
588801
235232
874291
517473
173425
721947
165764
793598
669168
846318
8170
295609
763822
633676
812591
915009
34397
666393
3024
90560
916560
988208
185216
816130
370337
275876
947229
784115
524819
226878
894163
627824
976313
768455
659502
663943
4607
825265
457541
673774
671584
465711
483587
949610
613591
810382
864619
647987
990979
867642
738547
907540
370055
437967
237875
740391
713843
699308
524506
752866
926185
418670
380690
416704
701329
40192
80647
705935
865457
538187
893913
51246
518102
891704
856
131694
702086
379679
779680
207271
761525
32432
114811
131580
984603
352685
386175
212651
51993
424885
965516
492382
843554
346206
423290
59088
386398
503936
765022
766059
556328
173140
331509
74430
64844
846568
720327
281135
226247
14213
488405
501976
46644
117420
147760
545451
984308
533934
758101
550505
958818
723617
557091
316578
584028
980381
375665
484630
998521
654892
250689
554849
342236
96402
143484
921284
942969
863810
202419
683420
878022
205028
185396
438871
836651
333155
984321
820959
381293
256628
885668
854315
980244
442759
170893
564272
423140
60763
563106
935866
715654
813794
490715
572094
424400
148403
493378
367369
12214
210001
50789
404440
929232
750388
357515
765883
597747
856041
101047
979039
112669
986714
347560
607117
943678
518452
685594
881022
579214
248700
816888
809072
576699
821808
381167
1099
970210
388749
882672
496628
598750
933460
901068
42187
198054
772787
808070
310005
628828
423321
803249
741496
410036
150809
348614
867918
669260
34208
748940
762679
797111
565829
85956
373810
387637
981326
374909
357847
370076
257581
854475
483030
705245
269748
525216
417503
42535
847490
727508
671363
270812
530757
927063
195052
681565
789881
62970
865029
338293
811909
627708
135405
377738
227869
509214
279579
209195
884122
151631
579270
655907
520310
576504
875357
790057
101721
292860
346796
949210
20368
532363
220022
551124
459427
929277
746893
249308
992246
611923
587601
804156
35936
696098
981703
232219
975677
190899
630546
641512
284373
800657
161822
860877
676014
951878
962597
968874
812878
426012
503446
345242
160239
568775
804668
89516
315668
568180
81763
927590
155781
400123
681426
392990
610425
663129
139414
100307
854027
284164
741818
652605
84821
903639
513482
275040
369722
990283
758118
182601
930499
261564
527842
90738
830338
332510
180254
146007
414894
776220
73597
570675
176343
269227
477869
300972
932356
617282
401279
300588
415650
143097
953192
14676
46737
980878
289715
416458
971161
47833
599058
901661
823600
641104
506603
653939
487818
686856
314150
902712
977280
901950
987591
667827
171178
465460
968799
103534
596947
370078
918325
526801
513174
385723
83898
366601
831190
4778
337763
393227
118040
753628
216828
759144
260231
870766
246962
461292
184916
663878
438572
86866
651469
106400
772247
631134
75199
389985
742285
445276
308311
269086
472654
694033
810562
60974
60634
155957
65751
912600
549184
183790
180433
766011
457138
954868
636777
218305
416160
335897
882182
368936
936966
47857
989539
223419
193195
64738
613403
935479
24218
435918
718769
11077
129951
529331
72050
704789
685288
652004
131594
748676
349998
826231
514687
807136
781099
665668
25441
711463
515769
421827
594603
452735
983887
584143
190358
177082
163085
803761
112561
701507
239679
831330
712583
883834
874865
298837
102828
74358
950840
748625
823033
300838
574856
337720
622178
870159
517592
161823
95827
33361
97855
204635
301
81742
788777
190658
258824
466066
508623
371384
167573
748302
716918
394360
146341
105989
207401
249168
180346
158241
511997
517584
973283
601058
369508
109666
471217
887100
271489
81249
434665
883547
285883
434965
965288
588864
139828
224112
569134
648450
109701
250912
910956
826618
645271
57297
446811
852672
820668
627157
525117
332666
144741
12605
447928
28453
122271
919144
915552
907963
514597
350218
791510
314684
299387
756798
417752
439214
495115
986886
87665
604815
237798
998620
945637
397273
570122
392449
249945
904994
533810
289267
751864
192755
301871
199792
221207
424141
633141
136760
332104
147738
1182
637818
976626
300568
394617
394378
253987
889731
895468
341651
8751
133266
66708
44744
938801
861040
294688
843796
394850
583954
109865
587604
400030
309657
808811
824170
942797
459775
670479
604739
460956
822501
581365
275728
731322
975743
529714
135258
385416
385569
144008
518682
754249
98396
77630
693050
473640
372317
51051
868490
470476
160916
456094
870505
470572
779109
208880
927573
238884
393563
532312
214044
216065
113678
3977
947386
603625
533690
82645
503245
433464
740856
536131
187713
353456
613760
880762
827096
986077
446018
695586
970757
606933
665884
355467
591709
444994
78551
519282
198082
986318
565798
926330
202383
193680
930306
663973
797304
978200
260822
300550
925868
1679
836680
113581
355134
964645
508548
182230
950722
954565
392020
435684
75703
57905
305355
667411
17103
898109
186693
729388
884427
266695
655718
601014
460375
100229
264988
257679
592634
40014
72433
518502
555896
423318
632083
425235
387963
654835
121669
852889
609400
513689
802777
685102
85798
622336
866717
102900
520445
567614
346492
404873
834308
516415
5887
294683
130848
785078
66567
723481
339297
138999
756188
895192
76521
902475
320427
978687
557310
956300
345781
680914
469989
662762
880220
555786
285098
746937
172890
805543
314551
519381
724620
148859
550000
244711
443542
680848
29790
510108
404329
883290
163311
674721
778482
754036
577196
613114
732723
648710
569414
592709
329624
553607
255471
209844
623597
540569
956780
796486
860316
271331
830071
584936
934394
380072
829646
377936
575124
373640
888043
493657
256930
565558
168379
549617
319594
259779
676935
52318
908489
760553
159231
752317
314160
414701
476366
937756
469474
433146
248447
843994
218682
592722
943134
667280
486998
286986
45216
62122
660625
447463
69984
431760
13021
238362
495581
332615
498140
686720
899136
920833
447273
58367
187356
275637
987271
663721
727597
456746
611071
490248
814944
343957
82970
758079
11237
84173
45065
56452
660498
219894
18119
730481
165858
31140
968842
175643
877958
981187
862362
777094
416225
823839
349665
603580
99476
336936
781505
341277
307886
392577
831524
122831
736533
428699
395114
261975
512871
954382
832630
687573
688480
850749
418055
854338
396093
901101
544185
274051
882288
406548
565349
812718
744591
915013
930502
358272
251949
712008
699548
559835
104585
45278
196870
355322
988180
591983
617296
15256
546365
449927
702828
234845
814880
120883
603387
210973
21985
147573
485023
418477
68325
50372
231195
327120
479589
675902
685391
731537
387910
899144
805576
492494
458626
516650
362020
446806
108633
979316
462061
169202
943447
164889
918251
758327
799976
35843
969299
821960
183415
968526
754641
765943
533102
500041
93064
12691
175943
292659
258432
563852
191803
578213
570550
164633
94863
932569
611438
717700
426090
73499
886901
883741
752592
319357
642068
552568
355200
125572
374528
52819
608302
643373
818762
141404
143414
426030
668298
319356
718688
440935
397412
424696
19148
967961
589328
628214
414736
714971
345914
355030
788469
747020
238772
75773
395044
607833
421576
34821
982360
474395
643122
139939
807361
298731
283352
233391
967028
602708
466283
922167
514324
405183
455519
482286
508716
83734
411226
223687
429647
280460
526360
690871
33436
581626
757248
428480
189459
693028
463300
686024
681627
106422
825962
488988
919356
109314
236583
886385
226226
217071
322757
740550
136458
778276
737040
645173
862009
662470
383064
805860
942929
423629
496732
976365
519459
768184
919049
708917
461212
896553
909145
142840
2975
249312
146032
436536
872830
382615
322921
613260
113890
645677
868014
250347
938157
605054
409725
800166
781728
306993
120232
238863
730621
131168
215228
764284
899351
648481
987406
874767
545034
896551
531811
62213
145864
677843
498748
18694
574662
335873
631953
688551
495755
499968
453102
433912
619226
862826
748283
915159
169820
868514
154022
414645
999681
883453
178930
899032
531934
166336
288004
76968
577091
819815
653384
237159
11863
152133
770056
586524
488005
916214
789279
983759
930386
756585
417672
63817
619412
165955
978975
303436
548673
647201
232285
548354
530654
925418
961590
576792
605958
249594
167964
697254
69409
821348
934412
81271
973480
704469
181999
975689
134888
485482
473654
65274
242068
405530
643294
375684
85689
622270
193324
634361
269471
939812
182715
314330
865231
658509
891121
985393
908102
59086
682647
491716
880433
617060
572986
368118
835733
269190
858011
484825
754671
331665
550098
510943
737194
193392
400831
822882
329866
594154
457243
113542
533967
154162
427871
913402
812670
318992
898795
720773
892281
581443
212489
286919
712707
299679
169241
62645
83073
27253
547469
837744
358917
611771
862891
96112
319367
263723
433198
649233
372081
404646
276979
420252
558807
704849
847858
885682
538045
746654
120660
944531
842301
847352
231450
69213
147031
400691
646061
230104
427943
193530
582052
301064
805300
959147
911379
638871
222870
344578
802308
109156
263428
79287
529407
822234
298340
377266
707916
836385
638124
828575
295121
994629
675927
526570
578046
337163
441465
224107
81471
383612
931840
177727
198881
737140
136874
110260
890215
873948
969041
692524
983103
232469
771810
26715
568908
70151
918184
276824
420740
70513
619604
715860
579346
809735
756634
157392
661102
712304
895702
256777
95916
827542
434503
294796
78887
571377
919260
969102
959529
888301
661626
456837
120771
433436
483551
203883
17791
915940
480706
952734
986452
614514
182799
80004
938454
939433
237395
599556
651737
647302
856333
261857
474844
805040
556653
553731
890621
475913
522833
850150
878418
698663
306987
513393
646303
304743
717275
664094
734887
712186
131033
235544
326700
313832
315547
779358
253265
67147
893119
419206
714448
263657
681062
189292
68697
751919
257227
959318
227832
294264
323673
620455
992926
144865
133848
639230
449607
851123
817528
184494
77514
948560
420037
404213
262392
735584
697776
515656
316935
590895
449066
31383
368756
130129
734878
437452
396252
992105
910974
624084
286369
234648
758743
793500
379512
892590
432730
343323
257918
250258
527816
335431
198818
462057
253849
461210
711845
951624
491070
28780
56724
940136
574366
425479
584469
823449
377135
980720
329759
288110
119009
130332
36962
877751
923831
930677
284547
356561
274000
56669
121023
316020
392100
319841
778076
160153
295255
4127
625981
300529
547110
682704
754869
121477
622387
339338
459130
999521
834263
788888
801835
467476
919219
838796
859432
843051
769473
143979
713816
557677
714851
834839
873696
106951
668884
165978
267103
478343
170104
407288
778871
717213
89992
533741
352894
226583
387283
812023
226105
221546
600911
542144
689022
34336
380941
62659
391591
664618
720841
105407
222296
435692
454450
610196
542643
637538
776173
323950
115881
460481
731238
894752
177695
335434
942697
44793
562017
329980
371021
302326
551526
971931
844469
754752
520471
739614
331615
912061
918437
52456
531673
654937
488147
986122
265133
544994
623661
555511
868944
253746
15992
114387
148498
707890
964024
91195
752683
40246
935379
123704
856775
486905
609839
701245
755861
644515
955063
601680
556576
387705
654135
88249
42642
142282
588576
821979
687276
726441
891694
70425
980186
907685
699015
642889
129781
663039
248288
396668
217490
183667
34576
74265
184776
158619
289714
454841
803133
758982
56521
359710
146687
710655
962162
703533
852937
64943
39717
54418
791383
931410
124842
285775
353300
823856
928663
483080
1100
176951
393952
732793
360618
428527
807058
545393
587146
96772
235
390279
855753
56755
264193
516645
281615
740560
220178
134552
805502
259894
188969
596886
705508
828014
396865
58808
166075
325528
56093
681378
16683
450044
414172
891504
878571
221230
436898
979921
832205
951336
370200
202164
522295
148598
718808
803909
889157
453190
452665
694659
227288
155838
805749
932795
983851
202614
991602
664130
42346
561899
345509
59029
11944
759680
950532
404719
495114
901634
384640
327319
367175
269044
43687
403675
931845
762494
721788
821002
729888
688658
29867
957175
844495
349820
889970
342552
66639
395778
6682
623188
957676
352190
682216
483824
626074
146954
888542
121188
562792
787386
962711
444172
570635
520602
362051
502480
283097
598043
837687
12985
286701
381758
484365
131197
731577
374335
473748
312420
770112
994633
935608
241994
861028
132029
725817
487102
793186
128565
122495
870183
430155
599410
314355
790
120012
190610
17475
917312
788652
855161
444502
75354
236919
928866
720754
482700
817405
194502
795120
101723
703339
730728
343716
564367
376961
583737
51470
170148
712301
688168
40331
142457
287578
868889
657450
921793
59499
674924
839106
362355
530085
797812
437708
281208
240883
158462
763908
58288
867167
73233
160010
570507
318165
503725
134874
695125
87463
700547
379477
313968
388715
419807
456424
190497
802900
628079
626495
862398
303003
465601
738958
347293
777617
176666
628500
18500
849332
906612
76787
716499
494049
236797
801210
812213
254726
450289
21544
342188
150836
401020
170361
53756
335032
140989
758456
137932
769067
384951
514535
72071
364756
253493
419363
142373
430158
562067
160872
793694
982884
751863
510194
476933
988659
825608
803351
757589
275897
824894
613982
426733
740118
784342
994692
75150
925330
753148
213082
694398
138100
727616
280673
502855
495313
700035
645228
439675
776306
320304
233370
759190
72167
257768
750328
575030
83376
553679
846824
359273
892777
460806
300210
632895
245148
294902
222250
684682
48050
435331
893284
186149
677151
173957
203209
172464
388196
362641
612138
164503
682944
359712
437897
269316
617479
702429
358550
700855
256108
205374
60128
663089
180384
360337
810189
939735
169443
32439
624418
217492
467769
31907
917845
659124
205864
121054
345792
594059
997898
957929
272766
195047
317642
224868
464362
449325
927296
337117
150180
697609
56695
724511
360698
237079
599052
170887
691018
768494
717529
829640
985986
699502
861547
418036
358626
67411
53294
704417
175674
51192
176552
448440
246238
8398
187512
224805
457722
114808
76126
122107
812416
647024
846617
687319
884102
445670
372410
89326
728368
89940
918965
228559
789441
780512
646594
148068
362127
214092
366689
537801
265283
57445
500445
25726
65842
687956
764734
37769
802763
840859
159875
129385
487883
520696
816703
886190
480570
189113
975515
208939
279052
408685
437497
582698
189198
84092
244970
65529
298183
611658
603329
77671
669103
617978
617600
249149
820138
382334
286917
137107
737397
960995
266491
739484
481692
597398
139879
962261
300715
629598
171200
93972
38284
122902
676669
741685
721197
921638
807213
533584
47501
924747
611254
230808
56930
228854
479957
877068
125392
281078
528379
376993
242074
794869
116478
723765
906471
256356
200231
207186
885954
885635
301157
438442
8537
977825
694331
729733
413668
501544
263317
461169
940495
388776
691976
511630
131834
686137
388698
257226
967215
917076
634218
209289
226150
264900
447258
132621
35461
647488
854010
435619
47328
155168
874060
55864
647197
568391
299801
60866
584139
77323
36239
38840
466098
242419
550469
112136
928556
939166
883565
895771
370447
517784
105060
110801
296888
66522
757625
332348
714009
611635
767966
275542
281007
642026
845609
442409
724621
145411
17479
822965
222733
53717
861804
203035
296135
412273
315170
738895
865643
198736
634666
750294
230724
253930
861094
41816
320451
132924
374164
548665
258763
142130
824206
539770
298361
669815
982178
537186
329430
513861
360151
66367
567577
221955
269401
377916
634227
98776
116812
14075
811715
265682
764368
556643
519612
139667
598458
354267
272590
486826
902931
531353
628956
241342
585327
441521
911157
81710
978706
240587
595570
338858
821158
677351
75017
90559
55267
223449
703538
686282
237523
29458
466169
1892
100305
985780
141558
212968
854251
928352
699793
757183
973909
842953
998524
559236
798678
423886
640945
777385
178678
750719
630447
999835
428070
219668
604598
997540
443116
822341
198028
680639
366003
664196
196735
466308
649976
852496
679275
18432
780848
893272
775614
754757
736226
288344
828197
534904
712229
983346
826493
405111
734065
971144
404946
676339
190813
523749
673880
633928
346090
871907
828771
712092
536103
25506
692604
700283
392207
371879
718714
687259
779356
8534
956221
29787
296877
784418
564690
523310
281970
905388
442626
530239
390737
361776
206579
581549
885524
394663
729682
745818
266570
558453
972115
316877
98164
664719
531364
4575
550803
764282
691833
330159
287020
648054
359945
98101
946677
438839
135616
742851
858431
578241
273090
249169
940016
479668
830717
825541
874330
74604
85564
655104
147262
57679
486185
245425
722398
531753
764203
787405
810240
456036
117564
97260
618295
991712
709565
79177
430551
845180
822027
288983
423421
95117
52356
877641
88990
883072
217387
477524
471881
302951
646833
619142
360629
133018
378771
597231
178976
142974
384636
989215
113214
16404
600679
245713
8116
824448
839093
438667
669628
661120
241854
607253
270442
294209
484895
873635
691485
702281
351159
163366
519436
997991
296712
880065
645214
675482
991500
338394
818455
376137
327609
445874
392540
442492
691586
914860
266941
530680
353527
450773
706004
109585
58027
490650
917997
542921
364285
609482
759406
229649
287053
278843
227640
583764
673112
387058
259247
664612
725451
591906
554953
567264
551984
461698
523961
243571
376558
790901
288455
244289
241674
508663
353873
813904
999313
271870
871029
877802
395556
630436
107451
196813
423483
849295
780577
96595
750557
554028
275411
476009
660138
830364
557477
212123
292062
81438
969897
182824
386543
772556
427112
142422
281219
295189
956325
794736
81263
827355
186744
991022
971995
808398
187836
395478
657693
482617
492072
922455
36645
767482
398464
210987
112051
955940
937313
918316
551583
421415
101140
938125
193971
42456
80547
989394
337644
551077
298335
418906
378432
485078
409929
864631
807681
111969
260109
465374
594585
266385
387829
145434
33867
300497
356420
660122
770642
807938
578438
836429
229353
679578
774554
423324
722033
369306
926922
573882
920382
739461
506992
298814
738744
431125
163445
546425
543093
937757
526003
137678
204142
913832
283111
752212
728533
153736
412334
13380
961673
990772
849808
191026
184555
624363
128554
906587
507873
569680
994673
428255
309142
501666
241273
47886
932790
918921
594310
475884
856678
120313
127766
60820
548349
410877
327236
791087
78817
739570
318671
40490
730342
168480
745719
914896
307047
388478
335688
814919
958157
330362
243174
781503
832027
998650
829388
279022
917571
937902
754905
774249
572420
882671
349273
634973
807752
676508
426060
400773
416078
744731
955466
660624
427415
701185
89725
734461
89663
939617
63585
562025
269979
820962
343528
616210
819612
687121
895231
737183
625023
164342
25637
711647
561217
56956
368969
51417
286885
769741
981699
545820
725207
642323
973234
940596
246253
221900
544464
185870
285484
106489
970052
620650
964220
586262
440262
651341
995697
691649
276365
160039
717285
502216
721255
92194
848836
604428
657815
649926
888373
639514
195746
127785
796041
683185
68382
42294
905084
127050
228163
704773
747742
712419
325423
711962
298681
279890
363304
808583
971538
153873
968621
688824
656088
204082
781017
19130
808509
953036
669055
211088
592550
864800
338872
902796
547985
921457
945089
967274
48507
687457
672047
796248
399876
511674
508211
212762
791563
385719
21345
277307
539591
504170
966130
195679
222456
261352
214808
30966
728593
883862
756257
321143
262868
95129
223939
810852
16587
683233
778126
579297
884894
964377
375546
798974
990256
397961
11736
296024
783679
547284
573330
323270
565659
53665
33153
788114
829221
762165
333284
557814
160232
89541
393161
423099
184670
131305
748156
715460
814537
40487
808961
213636
4865
698711
12610
995120
96672
538550
291144
394555
600038
378679
232029
165697
432343
265182
953811
775768
541551
287095
333582
701782
890840
240948
639086
589714
372252
387242
305174
700993
427728
114135
914628
946796
812846
441442
456121
423722
979991
261470
818277
580030
640148
564510
259931
586695
343896
213742
362464
885446
15042
210250
101434
905881
451197
740519
495595
337653
127761
314973
38646
69693
943311
953273
16490
270362
394716
472610
694084
888911
734079
26566
468941
888431
591075
243077
989331
934971
456818
865999
334622
986063
76249
436055
406149
41651
176574
901743
379303
818538
730920
932153
888231
674232
885426
904720
458798
794346
891534
667086
683258
139819
207856
666403
542454
798931
909479
531785
248107
880502
397784
96933
866565
988237
532988
272715
29888
223766
688662
923394
42305
933787
855547
930535
122224
255179
349460
581021
49525
240994
248108
246987
895016
455963
913390
437471
769098
337074
969255
531409
217576
881244
628342
598346
869481
675534
385265
413573
899299
73927
851171
941603
521918
706719
386343
644141
476102
735802
225163
525626
491001
987474
286818
900221
957641
200208
337692
726740
51486
821152
772353
269062
702396
400695
381612
571877
590433
766876
499654
3938
355007
350825
459745
876925
57544
846088
521066
47850
96095
260433
573476
587095
247907
374498
487317
205549
574705
339213
446493
626190
160365
218846
409456
376965
133746
305272
463046
238383
72148
962699
242320
427155
313525
702065
818284
885272
548153
853554
933122
644247
113988
20803
745547
876098
395300
747068
595851
484209
600485
556548
624603
275055
775394
548264
652019
423344
853535
115066
661726
925683
591969
904046
867042
419698
606111
199531
304971
668468
53085
752297
826919
681276
773099
572466
557375
682603
833738
667430
166812
948428
223979
791414
223483
513577
853882
389706
936920
707418
18976
112851
147306
610945
531101
528552
30643
137212
728082
849817
319884
295371
602114
146804
976647
375213
233474
48227
572020
67213
715656
738831
529845
453839
44451
753327
967415
898332
143033
418540
605750
676213
45596
267260
287158
576696
795811
832004
228113
523893
681822
547996
819264
283936
694799
310116
173354
928273
358342
745373
509690
73998
998409
39535
42042
557064
307066
9457
455396
964302
942201
575351
640515
987796
842610
927672
564492
638422
273882
792604
676519
955703
340601
9988
753843
549604
320103
441401
477877
678444
700979
501771
266647
699388
541305
308688
770656
848370
832348
226052
326878
774549
315607
967392
276550
158218
409270
841042
310844
683151
147851
501567
153059
2656
511555
906901
552260
345862
862507
544341
538511
563486
46113
805157
777078
587417
628049
547734
949992
974601
287990
276870
749151
603597
758466
539905
276019
167736
380947
101067
850886
43003
602633
3945
45658
628392
425051
112122
488459
801762
656463
26970
365248
702575
832126
656530
804196
974379
204264
754188
948980
6458
545262
212336
610054
303729
752241
400277
471464
647392
501343
836555
690394
618181
354704
250257
760777
293959
362378
249236
95721
533045
276205
460968
235620
622535
631702
39817
596914
350170
308209
545895
356628
367676
272435
480886
671404
24676
881163
657072
672068
382506
7832
876666
514891
362536
126923
275669
170699
3506
524904
266420
536550
315314
241592
286375
937848
873294
326191
534763
737668
148604
594862
94296
516279
867296
575182
701887
406177
456345
873164
78245
353055
880995
954910
867946
757735
596038
657819
928434
599543
696927
709058
650297
12241
464854
936671
950089
338148
777066
999056
75817
925670
108123
684316
956153
489623
259498
658041
895799
230047
45410
974043
583102
440609
443159
965252
198345
553401
623071
640983
667148
834202
864245
317445
846443
329099
254117
310737
181452
545387
823997
771472
471057
932119
455788
427211
421742
229491
599456
831746
459537
159070
805789
556843
599678
763152
36300
798022
316553
659370
953209
983700
493573
331659
815350
854220
660758
583671
164957
842209
129058
988953
127886
114320
435277
97878
541530
371223
327368
655190
202969
301110
814259
522963
857952
413937
286115
894252
726164
116873
67827
193578
614777
75604
46050
444028
185995
528002
608984
542408
657060
112142
184498
771379
61623
282375
827113
432846
609743
996507
635814
910852
324971
672981
283009
253112
959096
691465
1015
273497
687058
719154
349100
212295
663486
307333
912493
191488
430521
969105
362752
542663
153603
648335
118490
435977
475448
551335
559924
986159
701354
984980
311130
79827
564242
847635
959454
57722
437808
747155
744779
671167
610460
471278
334653
917792
897975
40345
348313
867080
403097
405180
534887
51432
523670
970864
41085
75005
44993
27244
290563
29974
852578
664898
297963
931024
512533
771621
502950
464546
32982
247730
135713
643441
233212
984569
561233
131188
24914
909545
998267
428010
314726
47360
993646
838395
18224
34731
427604
577420
576178
718167
607393
942960
897269
419560
873984
409802
705386
891139
388552
738367
138869
38469
381808
886284
23038
943040
17472
47952
366790
529944
990165
681515
577303
983811
34115
109731
532746
461719
687150
623129
694090
294544
80294
591359
228308
468483
515365
933693
359622
418122
672060
498490
456590
568072
898978
479628
25317
916450
41784
392107
960598
31949
587826
52106
529965
621941
161836
576915
597864
363190
200044
291954
171938
280338
397517
400246
748820
912881
848143
108442
331003
34409
121136
301798
602480
20114
295630
627797
450768
851617
19904
925570
24187
977675
927734
743874
139511
504650
341738
16906
218898
147896
188843
13440
545412
589088
762259
972498
437232
384905
817705
471640
20245
119503
588324
40359
929336
216121
5331
780953
750228
930901
178724
872162
422781
106458
616036
76497
125312
471979
93402
344210
619874
282244
357649
679491
385537
634113
651989
336973
533222
983898
322817
553467
103402
911140
108030
32738
641466
113360
813691
905898
558465
992414
778060
981246
613076
908301
57743
738388
380280
665348
596802
514358
947591
468655
193849
847332
616972
360042
184305
150195
343941
21326
703661
961546
446671
811690
508488
88137
439254
836383
994034
997719
343002
286300
493170
956078
194601
65117
208671
574880
730464
319677
603442
192260
788331
311496
553797
405304
671537
252306
555498
529682
273632
773363
5433
720302
585053
513921
322643
68730
830881
50435
207511
117181
543604
677793
311781
122925
886463
400865
367593
720344
4308
74058
508675
315803
627854
428183
89338
497885
31227
667995
271248
36659
388297
370505
64784
225144
909016
929292
56026
959450
136803
173206
17260
814595
999191
140184
215263
400056
21982
935606
404363
96039
958485
234370
723892
900873
21868
398758
767140
786251
184211
318003
174548
68920
896991
913896
977935
826283
969921
451591
477290
657331
983054
806089
656522
637442
21352
56579
659423
471162
975145
755461
21614
479353
330520
945429
597609
243483
226774
383860
427693
58981
72612
496612
955971
986507
988752
296459
470633
954547
773748
127965
937601
579837
298691
575043
115393
869473
234467
586554
844619
504132
16202
568339
497690
860925
27973
95299
104408
254746
993362
46305
827930
580178
542917
88928
45874
594565
551523
421
368314
193692
452226
462355
6588
27269
577748
876060
775939
164302
234884
280072
180503
803222
777761
41429
831194
387264
660040
600144
894830
706345
428075
475008
763466
726181
70103
809339
320746
135831
323964
203264
843726
776189
665619
850313
317662
243367
726374
93602
407668
961257
373673
102376
278685
665638
658008
624083
52902
318048
224228
461936
538597
166507
936943
302063
406892
7047
625606
241842
657081
463774
445106
500807
239963
110725
351121
557625
868295
591699
165431
790167
67161
5727
345845
718945
64755
484133
286051
897007
708360
747986
435604
389071
684929
251872
795962
206180
391682
37804
863260
855456
997113
364068
609623
107838
229393
167248
490337
821091
846882
280505
888251
385985
173047
748301
619134
752006
232434
905184
649013
454998
653170
84617
844068
338100
850692
154235
58484
242375
706242
435949
97831
703356
314221
707453
325398
543613
388906
815735
364704
235788
96240
767159
135978
783490
515460
755111
535496
262098
660296
698713
717095
827670
297535
75368
679974
148227
229602
738458
904805
450049
688611
2636
153405
2832
224294
478802
546444
127404
808741
425352
363191
419185
192511
13373
202676
222176
282689
252376
484273
457189
465294
715573
284859
762828
790940
964833
425259
534747
217496
330065
984795
906106
846904
138200
908937
71198
131206
969585
198601
939947
394937
75997
359132
101652
89369
76012
838031
886261
842592
836509
343450
822090
552082
628309
584918
343022
593142
524381
877768
810637
854445
376768
716743
701350
514967
139885
286752
160378
109470
999557
100325
18611
75554
973660
634466
679126
563877
472498
565388
920673
309007
908837
742763
375293
51351
841885
232519
644492
366266
624492
969333
734916
1260
200281
436266
516227
340165
237222
190809
963838
236779
291133
982448
312332
778997
616915
505663
857078
603617
585255
291956
426828
494092
548923
802120
545443
390808
548843
704139
271279
173335
673473
520399
174595
873753
470869
205026
728123
708090
395834
691961
944869
201171
674410
771405
494372
805529
277068
351451
923350
862322
643406
350178
870619
192330
666502
930266
97342
215345
634405
882824
388680
822082
403223
77479
210041
874091
282504
938163
582182
192542
630124
41256
393712
818738
812660
888083
138472
603933
753738
61822
980459
911349
411999
851078
617883
78501
781344
715224
808050
929954
112254
196730
752036
29681
274208
962076
903772
70916
414444
159
263457
44569
555618
657168
377511
368278
59456
515983
486415
813194
577804
466875
724543
989803
317953
342426
582508
613502
571854
390558
543456
684107
101492
809696
227993
375699
285978
131765
960818
700421
646127
224275
259194
201745
881442
636705
84227
940898
152688
570642
754092
730491
551721
992839
234499
869673
335265
331212
997379
421323
235974
55040
619635
337466
378941
847627
227369
664918
979391
188188
879543
139723
412462
138738
855671
808109
775442
939897
263212
442334
24744
531508
687029
576464
524347
921528
960342
373816
766944
471926
795138
2918
526966
414773
854587
905906
262400
596161
85029
755995
298553
964571
409922
711014
103309
265593
33328
392955
719695
296539
349493
258643
828046
36523
349312
866597
472255
823858
240413
239199
295784
549756
756320
336954
478733
125113
242860
741133
721273
327888
11333
19826
292460
421255
245044
909972
201052
792576
817132
434951
89115
166625
693594
431366
717351
557110
867
380968
52581
943008
190956
602336
213534
527910
81069
338646
770769
336406
574123
612862
861943
108153
419526
797402
353196
843702
512658
145772
660834
947609
749091
341664
155408
694661
59015
712517
992623
762825
607689
559408
705833
798644
675948
433571
326554
271222
772216
97324
607627
346339
224390
983774
454491
643915
781176
321892
487617
293835
981867
662656
755648
245163
4320
911055
939823
577538
623572
932447
854567
231261
6060
74606
544109
682008
508176
870663
953229
280393
482191
75061
140936
706580
58836
109632
350495
354216
431523
352316
162255
927594
14972
917902
172758
533495
828957
112581
625238
966733
559232
479805
712198
565292
554410
256308
247300
576791
641175
714733
857183
123366
789793
512323
829945
848628
621954
694644
717049
567681
46960
879303
495276
576136
797206
668033
109631
140368
780613
249073
621306
854050
728878
333504
419342
797492
104016
180846
374283
745190
895578
745670
382760
199576
257994
726909
562409
879947
421553
279458
961833
982717
158761
457109
73058
470171
639346
696892
124744
934163
945965
746049
788213
674843
593757
207555
986539
697773
902604
360823
957167
312387
106493
339928
511963
364486
581041
71371
516799
868033
720471
13721
540998
691784
86778
525374
331130
783669
650117
265293
729634
396166
53507
918681
989922
775265
905221
201900
192075
780248
673272
504461
886740
527404
530628
765431
108445
633408
38274
625243
501441
758744
638963
556644
964732
725740
82018
295862
23615
246339
561154
267453
642504
128865
700339
146631
418335
119765
862735
610409
900012
536007
629074
786752
63411
673907
66388
171855
307315
104661
797098
322961
377609
950265
879604
342341
676006
475826
638202
213825
236369
713561
995481
878872
842425
695820
539707
774964
815584
402442
385373
715596
938448
14448
16554
516063
688354
82941
687918
995668
187602
999220
318629
565210
949485
712437
421756
139696
702467
59958
353520
938835
287723
349002
331912
130149
559026
871619
419317
374611
788265
804690
90207
240919
333342
620964
756981
21696
703905
444899
531568
405711
444119
364402
485125
907809
591043
906880
47505
293511
481043
915229
232346
768765
264231
78463
413118
823256
950081
832435
712071
252551
637125
316483
493469
970466
937446
250451
506366
155556
209554
552138
561266
167878
430744
560596
75687
21788
981680
123191
315298
462723
38420
61848
231489
816854
140310
158811
154316
604595
991245
866386
857146
142575
697073
864819
627245
634520
629474
647815
790075
839028
199954
865546
521110
630697
940346
596796
166689
922026
234191
481986
384750
272611
58039
130443
603669
198348
803457
272189
317148
794703
138576
688498
451482
349853
553317
78728
984372
182792
726542
288653
536024
440700
668403
57134
585602
122954
168134
752290
44980
402324
748481
943933
674934
806519
588580
792808
519071
392038
64997
836218
700945
717776
524716
152427
67630
592238
231154
566206
289234
471901
369063
825257
426805
37466
396595
12407
160419
564728
278902
719603
967051
27383
663536
156191
833901
766321
463203
352972
158359
528199
703395
859303
760180
228111
11730
827809
820348
757088
394015
623786
743193
763078
963247
169998
314748
359842
696609
989371
438774
975510
708974
405826
2893
886714
76221
350998
653035
539423
218174
811393
581826
921568
184901
342006
663884
710835
684019
998436
467923
592239
622223
211116
355317
585470
895317
184269
945312
591926
173640
384086
81641
396818
304116
598737
283533
894540
949734
450772
948167
682113
776370
529994
603681
961270
386204
267565
672105
70224
266002
654232
662462
402429
379552
531983
987898
274870
716251
447415
381000
404096
345706
462641
315118
164026
575582
112855
58567
39522
563627
6734
721634
339997
50932
839519
815471
437136
107085
1782
21564
887290
656013
684025
289719
549770
216008
791821
824639
446463
239237
719843
364763
584942
696688
679881
748967
272271
792735
321738
311792
870566
842676
547630
724767
893607
387149
540239
844947
494233
56225
866510
895727
226442
64740
699650
776211
794951
491472
115055
755619
244913
834898
120382
344059
45791
314467
607230
318061
621407
928968
144057
6178
285849
691686
730945
693660
78836
785388
538608
87273
841612
919322
497205
582258
984062
711059
358470
779013
202531
987728
534632
961647
336831
169219
305706
382622
483685
427141
700682
619296
870313
358944
625474
156162
50630
356419
849821
643669
656011
902633
245147
11828
821956
742351
594085
806018
453410
466759
99236
170146
454488
633868
645997
791318
803086
465908
173940
800975
893048
388827
934476
277566
747770
559950
433727
312604
430573
797752
470478
12444
715624
98411
522342
972179
206700
842564
939793
673459
941799
624143
127947
89872
784345
433469
407162
250253
607409
722342
143301
510440
656818
935070
772414
730972
368797
85018
161545
680753
69700
762332
381139
785323
374947
417685
271707
581646
774453
725705
255105
230458
864052
897255
320329
648397
330725
241696
898649
452338
964037
556154
962777
135060
491224
735191
866031
374225
334413
541780
54979
404113
304112
950321
703640
679058
368007
975347
260704
656664
215257
30014
887121
79309
927268
721655
727706
257993
963350
140560
224535
441592
696714
187312
576651
702142
436707
956886
76368
771120
498666
645550
175233
1646
393077
996039
478082
882628
256743
134747
97885
800960
536072
691398
728229
257727
933308
500426
735281
73868
724961
176873
284786
912272
267728
986928
863184
224614
577500
634304
237484
223050
323741
554465
818920
716817
550504
811207
113651
321452
945953
211535
122412
482025
902932
364845
253957
836240
865271
989237
424313
590232
680315
709098
16709
948042
210231
394097
686861
301935
28401
924344
524984
866345
993014
858109
97368
57723
669316
211018
379174
129474
936756
15791
125703
353894
894839
379659
704338
760110
883101
128651
864546
563416
351954
395460
511458
562184
789556
712523
378324
332162
636868
903307
198507
144087
275621
810078
201809
459141
535300
95188
102819
986261
625182
228522
340155
520021
122385
44493
280132
5486
687348
658882
568901
39302
54342
80360
115690
843898
792882
494013
176060
943954
397321
888770
602245
187146
213054
804054
646287
262558
413446
749105
248819
38628
491831
588973
558648
614216
147671
352984
619701
835018
526071
702807
874319
580412
783166
990008
938514
90253
484022
628778
548412
395547
31754
664861
96897
244807
468915
257388
21569
396565
6494
270388
435192
12529
859360
508045
626744
521235
375233
760650
356253
901303
463457
230572
995920
760827
734785
934434
365284
218807
77418
427900
128558
109171
92762
225454
868181
75881
482842
889749
472446
3540
160137
421842
16068
533702
929886
157017
54937
305120
431871
411190
720627
409532
155966
716547
684563
890750
165187
49847
623761
242604
991951
752318
351774
84713
491977
734159
674797
974818
623908
147243
492562
298250
83290
22834
831951
13176
694054
401092
832499
125925
326486
553127
49661
482452
783878
734223
373202
949064
298275
511168
705872
290226
263486
57646
889142
755462
306009
78144
244485
929917
225387
737046
228167
822880
759880
574322
836055
968138
489618
182760
608268
816104
250091
657928
298556
548173
906356
185962
497238
204631
697129
203110
9061
474820
774960
412407
744486
595173
490550
988971
525090
230141
240222
267461
53021
514306
841782
403281
482445
331401
586040
90713
661709
350335
262845
474469
898507
169201
174635
909949
888035
385969
627264
897095
860788
916428
309502
605274
511601
800052
108450
36692
30193
862876
818356
83214
377182
660139
699
373831
505744
586738
978747
681657
451277
241593
156126
349784
410793
330760
259734
298829
716728
401202
710128
91721
317630
19631
211200
829230
333887
319649
380126
878283
696729
198483
475701
73912
372826
476399
961946
392774
577341
940694
74431
28618
182287
230556
892606
593079
75520
666544
406112
792248
67746
116241
398173
385375
650075
609372
728809
983961
929021
108936
862244
139955
307418
337946
213866
680243
328549
175813
587221
905890
116507
661651
934507
812997
406411
341318
920280
481930
7862
326393
788382
75607
956837
186556
975185
606912
795927
703995
105078
239153
812930
481526
379108
634552
819471
107178
828999
662225
797194
416220
568115
427905
592075
16827
240902
998485
358145
161183
994619
880210
1780
783002
955817
958616
483762
445207
79733
279689
149202
184810
33047
476336
180540
926358
625092
12
33536
454091
176441
344935
384515
744555
772839
976589
275586
527946
489279
633730
203333
483899
513941
205112
781105
983962
677932
264867
943373
271869
58760
92576
970882
606010
83116
151422
532368
708208
665637
80109
676503
842077
425043
61019
586632
197882
551812
862218
240032
41092
10153
443364
524990
38298
648475
306095
536464
840611
85166
479838
112480
143925
86618
83362
749935
169733
234784
796507
392145
900420
876615
68649
742498
301658
643871
843334
13745
195683
219757
253776
236774
229910
697140
275968
782411
859819
96267
318876
700431
181432
312918
812910
839561
399535
896272
103701
83472
645260
900207
475617
545680
776823
58470
802382
592685
702340
645717
120634
898022
865473
374410
649001
95383
585754
439173
391999
445573
535440
710874
660208
231076
537996
473119
584841
937530
883595
688541
21002
43060
588749
10823
588739
879776
69292
391122
986665
285836
36839
107300
698063
416516
995913
347064
511899
581667
300441
418102
541444
350085
643180
201653
95366
181176
674771
680206
118706
72571
368748
653911
115630
471701
664734
218573
865681
248230
609694
366551
534066
160737
473850
232129
577253
469763
93397
603356
565634
393837
21458
107079
258127
664637
308731
353492
845812
497706
547902
478722
570276
430854
646837
200110
416759
311571
418682
282440
74006
542581
648991
608071
703317
637045
354404
794774
621013
962004
398130
186647
870045
933791
293725
128172
112633
116660
995867
958444
614365
543770
951370
698845
974623
598208
898954
391383
423983
317637
188027
497988
374422
351222
620263
77739
988267
488871
386718
123485
450875
299052
310131
320921
232844
118061
963296
345476
748924
959164
818125
363290
502934
283700
62135
991761
881907
475294
383144
820095
307135
571171
832287
681556
436597
452551
273499
424864
455626
660216
62553
906501
959268
372684
741626
706316
4949
704922
565996
753872
178291
898325
631366
681224
182026
207706
187191
578137
682999
570334
398232
504338
46216
700098
92307
711479
973596
31375
167105
148018
93928
587810
621490
980815
329436
842010
57973
408006
253840
726853
820536
399411
922282
2562
607116
109473
94903
804319
194011
7340
308657
363925
752063
8755
456231
463542
496555
1810
630646
158777
609941
732661
780266
590756
62097
622276
90724
124864
544487
858768
851717
365023
258179
288204
367584
379499
911880
976690
183818
105891
984029
6679
984019
250297
529637
954454
713838
540396
956264
858689
699173
566205
591350
479439
671166
167651
615920
276094
292515
160407
649066
658436
525429
421449
460844
407217
800947
372724
383907
498969
992818
882141
505647
491043
132438
549488
445497
360481
89885
401761
733374
789057
482171
838928
782700
667541
6579
398620
457839
813297
13675
985937
84455
528354
446781
491671
329302
333709
389783
828270
840732
786128
848122
331775
432770
911814
291476
793250
1699
207442
40829
304960
203817
879756
87661
871357
886335
486280
329196
213837
45307
950305
199775
129761
478660
160760
135637
322166
494469
39624
664640
849405
825751
512762
695384
258521
424577
986859
565976
940479
194301
606804
245440
398117
486561
333100
783678
32509
627079
100937
378890
577384
300711
508651
56044
461471
158492
378209
470144
712319
557054
833753
538070
584020
43342
310795
522801
30201
390975
463281
738706
997779
222925
651027
998544
556024
434706
885644
889607
61785
986580
268498
153373
801496
291353
209417
777171
964048
101830
761519
676367
658883
595272
728641
757108
638613
39436
279909
183018
430411
743189
435928
942394
966113
86956
940938
36342
35866
826582
925949
611854
327367
708651
765226
128863
4
488847
420238
964051
104882
181757
640418
277969
291233
369059
35077
444050
922698
314986
627068
867313
58175
25328
538493
664155
264850
574834
214225
605636
14988
826078
447208
723638
105510
90275
237846
594356
510513
201897
699237
692269
356519
977206
983502
239782
12283
427552
676685
327268
568824
543998
899647
146025
867910
952344
324384
646964
41383
538609
766805
56371
878891
214013
294213
984400
304287
532059
92962
814799
248160
792198
21274
604679
283609
518980
358665
810096
946531
35350
137364
29561
579348
551215
689789
961462
503559
14173
608426
544942
66986
889435
115517
460082
103448
409729
958686
407735
455992
51648
736738
704152
358051
272216
823035
155864
791195
181700
965959
251932
217050
617528
281492
310602
168743
971280
786268
186507
499657
908898
731448
80848
798334
361169
540929
901781
285102
13820
823720
741094
65468
74664
45831
346879
296690
93586
138075
992593
59546
904210
723847
191278
185702
34449
360020
671186
820716
60731
685047
243820
792178
765894
42154
667551
821027
943934
952653
834847
281860
693747
414519
356523
167402
352241
703401
464091
960030
355680
970888
533780
259890
694736
725057
959795
729184
599282
145186
64106
660012
830233
307925
966395
110332
350078
633946
931359
808216
586599
280411
90076
794550
694929
960802
476156
47170
664204
454451
521404
19884
425340
55185
793978
120076
780241
753773
849259
893727
413164
427569
553740
243397
249698
520135
867932
113980
668285
313496
922196
769089
593906
526476
563639
288835
487279
554000
850208
665687
8451
371613
41102
941001
993752
553865
235447
261731
917329
129175
674894
859102
682914
432495
108801
717253
300427
222780
385538
613923
659180
668831
207829
699861
232471
10869
701344
786470
375281
367031
309125
261098
566805
742915
202099
74763
810984
437546
336493
728313
566720
525591
587416
763838
958085
696216
481091
772716
433200
380833
386639
606585
49665
108673
306446
796339
633745
7790
97014
9026
374820
406138
270124
455829
149053
472222
530591
474242
423972
381288
202555
990691
421083
304175
754529
893372
514595
749824
666089
947795
130658
566932
68585
694526
189809
375030
490865
823553
897023
587878
346784
271843
508220
616907
241876
171478
603333
286672
645719
541510
667959
848273
532201
603247
666653
800935
496619
181248
550759
162708
643247
195621
243845
711831
890146
433653
86861
381011
771411
983883
483093
118195
769930
991313
249306
526011
162791
366843
812682
16911
994845
170987
954758
598092
837639
755693
94712
18888
820656
771623
662134
16278
529672
373966
906423
963325
975030
801639
248941
91772
367135
757253
276045
130645
283264
438835
497487
610150
761548
405840
604996
932535
874802
717292
770174
630495
326208
789061
451151
612036
965400
981632
141708
853570
888056
105033
342805
203900
353973
330128
488631
235312
87382
764676
365956
884849
717715
377648
495000
479264
783487
614200
926003
172494
331492
696177
802988
657700
999443
768343
269736
964843
749976
411443
67124
30681
675422
356136
898857
5551
358971
648374
607136
637851
14330
6190
869771
391977
501189
863239
689668
115389
789242
862161
961085
485419
179354
618785
999066
461902
402725
478114
726082
328372
810731
878318
359052
64037
772114
520113
621833
420488
127249
259685
434817
133438
129456
340999
148832
992694
544871
778424
781936
921237
739509
781559
614795
872498
780626
76697
275223
258740
802778
603595
583676
195301
476851
584034
458163
248965
104147
79997
669452
745599
339681
618474
393241
469136
959472
56277
976034
18548
834701
757970
939784
574210
53734
68785
960913
834359
145481
236136
607304
462464
839730
190980
657764
316582
775013
115928
79751
393364
56086
138963
564013
367677
46408
33149
841353
102685
523387
374105
451590
795561
828094
540004
849294
896878
500917
683654
42359
737053
290958
504822
90988
481937
676791
921773
771154
306923
1525
164518
17051
750727
817684
581063
632608
378296
128416
473961
480980
651802
848065
61560
676159
986778
296657
87242
487695
494515
129601
224748
299677
148627
829940
295818
825417
751713
66972
132340
753237
745693
149390
18169
563377
244657
650776
941673
373072
638941
936857
539078
487007
383632
986440
677370
370410
797302
764612
858104
806021
408417
597057
105699
557043
426997
401516
382461
178710
982692
29005
446152
728385
178395
464320
805967
423051
115097
261845
310328
754037
198702
61816
96538
350051
946823
466947
147353
225640
839256
467578
634056
436313
573276
705303
377514
488997
601968
556223
471689
630973
2375
714278
323572
466695
520245
260827
95996
782089
571154
850032
494996
420560
605281
591533
284815
66309
572685
946371
291948
411941
413949
440208
362458
501430
145511
739971
990426
747479
810398
976319
892656
326978
204802
216228
793672
239252
477054
403872
535545
562413
253904
30541
497177
373389
136279
781991
439697
223168
728362
731644
149313
656515
686056
511770
157945
831567
765945
662575
93251
90548
153099
500111
417525
357901
230543
211197
597152
221801
615068
132697
784213
383177
677442
281390
756565
327925
577585
710467
551092
820151
956315
700404
476667
642372
726378
634611
988143
6528
297187
595598
97075
964489
95709
514600
322390
326251
240001
433746
548051
369274
566443
846469
266655
758089
642063
537424
86014
219649
247891
151310
39800
718411
365918
30671
874987
606500
665282
863130
613027
476673
972932
224306
441162
68641
253110
277757
909095
493111
711502
971350
376589
792149
817819
643243
550238
459883
180667
150456
193736
942762
815969
747739
661173
181887
778410
536160
788386
957896
913494
915617
948773
886426
139924
904139
469271
393033
181896
378366
400348
407603
349716
776936
199752
167536
934383
264195
141623
115051
928854
335358
572017
744824
83097
233190
926710
861506
283554
229302
333607
711252
144919
282380
597678
284842
186520
581153
192080
882619
959518
592427
290222
823438
883568
4179
505178
817951
268373
646800
933001
197227
496362
505018
456255
579459
252412
68750
50170
126472
802981
761421
271390
85361
873303
70437
65287
262516
668704
928178
369147
473130
751617
252715
477308
256795
70667
259885
417800
517872
971316
914161
537095
427571
7825
789506
324741
477199
353881
451212
280180
629506
722602
365540
502810
307243
665829
471470
569758
334533
399649
938904
321867
151266
191620
799175
922264
776490
59060
854268
294362
30376
768430
831456
972151
290459
135168
296892
767657
489048
748104
47837
118554
984910
927581
135568
806357
593410
607038
376115
442147
6687
829223
764013
672156
535047
563188
108625
311537
136453
962893
120104
681032
245528
951559
653183
50191
86727
950075
817848
89979
212384
379889
722737
711498
307470
858304
517855
900879
465342
408174
343026
986232
751601
107040
172593
286649
184432
795422
112390
835088
272520
232493
516121
518047
698257
683508
82442
299188
147788
900289
389167
874375
280179
111904
585873
587648
970207
617932
2733
949754
540310
859962
450191
291912
967001
622784
92765
35236
719358
14931
204930
466056
45256
237181
164313
728764
319622
463500
390756
219912
366871
265132
14295
478774
365209
116147
963186
983141
31687
523451
493046
877335
329567
974251
14324
422331
639889
946733
141690
169025
151663
121950
214280
388843
286262
943043
222670
263966
333800
956785
630837
113136
971079
109611
478344
601430
587001
43894
14146
13346
727559
891481
342912
701810
905804
279448
855904
366743
935341
24929
518405
57291
239208
421453
343552
696456
644122
607517
544460
115112
752558
657595
600395
376374
650143
201825
963374
625833
950542
977520
639178
678101
869001
496294
894116
289010
775741
750020
655752
711082
289153
688362
282577
42565
624019
626128
739020
782345
747850
797684
897456
14613
969483
497851
390986
619627
699675
354361
759664
164423
331881
913046
842523
715086
409340
736639
518300
699286
864
688257
924572
290016
376619
207150
332581
638
833277
585805
782982
95332
383490
194643
109945
867177
692493
15135
1009
906372
369495
760672
70795
215580
187923
427523
444870
597263
164162
963170
810753
679230
651427
735325
483450
542250
942474
816030
542887
289957
916040
840073
385288
813734
34716
9437
680911
727208
24572
196125
147785
908270
471001
218580
123851
658924
646102
82925
770391
324468
46095
581144
517902
211726
316469
1353
753975
258944
817382
296862
548900
247627
651139
448392
61361
685854
972033
742272
927266
510809
938396
589256
933283
409397
322040
571338
582525
482346
654263
352916
806813
214562
448264
838920
426288
764733
840272
180263
537881
171859
991329
600985
419486
68761
480846
842527
49819
737322
283998
560627
189923
873253
16307
195293
579453
696049
677638
747920
563170
998656
962482
11434
837576
388770
776166
677848
83237
828251
363911
74566
429236
783396
231239
992817
264243
587970
42636
81686
117468
705692
259426
28188
454718
219240
515265
646561
967160
78435
645217
929642
604073
996997
832616
380239
674845
915852
208491
38756
504623
151931
336357
250066
144748
600599
838035
701588
630572
710002
333260
336264
969427
458842
155480
938350
192286
184950
584911
159446
777588
744332
603292
381661
741329
435908
276105
930378
865965
998799
969133
884792
150730
819694
134858
809682
934497
972892
511270
565070
197099
358734
901333
680731
331780
571018
619081
524065
270172
718196
197716
561964
462528
801007
457830
203857
751120
733934
134235
131290
246938
617572
16082
397667
951471
665143
721553
885968
152240
747027
451038
349338
105761
866576
544273
437540
437594
677558
961605
707765
395754
673525
783933
372486
474532
241763
90547
739856
975696
738985
385350
736838
870762
915635
134506
822233
580778
370263
708201
733017
117291
673444
596560
223051
540020
655037
174796
977613
332596
650605
199583
242554
324130
983515
615040
312866
225279
219791
52723
715179
958776
952276
452018
829538
867912
100728
165976
962894
470990
388381
695912
102485
61825
806676
325536
601844
461713
14536
93662
794308
665140
293244
551067
989269
790964
166107
302135
530447
385897
869061
759830
858877
821338
726052
202620
203455
340984
368595
166349
811974
271181
376465
428663
333005
183141
268403
934849
159059
282938
28511
467571
948077
835959
18638
937346
626923
698948
239482
671574
599050
622747
431404
457927
444085
671661
174752
647539
12645
57551
813888
824618
328731
190353
767486
661736
887698
35889
596585
560961
318827
139300
28532
266904
975258
561374
204251
116386
260322
957936
787959
859371
580683
733568
831503
538973
405229
6255
186512
417873
578009
514604
756696
906740
219162
524182
568476
621064
560070
679265
182025
393101
