761153
165034
866038
308700
704730
564948
775131
530318
103228
775358
23752
988801
845642
664971
27122
201945
428644
955079
893184
91681
171446
831571
121120
937163
653187
601274
190398
324488
999355
626100
191679
274713
305338
571922
583412
10068
136870
872747
540385
240097
648105
78341
228898
7952
743312
770223
209897
686160
239508
103081
292045
925157
934651
413164
862320
102043
14438
566923
940734
527997
193023
132414
316915
498360
704335
900326
22632
355409
287279
77221
595505
449588
155562
338608
457540
413078
623035
181641
613442
862542
284721
905487
301905
733577
318651
164225
349824
333089
731147
290559
375290
924169
422972
692204
936733
641511
106736
473569
511124
908218
550790
620833
357806
220556
473645
329550
147838
96681
25395
761279
473427
310116
666766
775331
43693
985417
939556
393516
832710
184908
198279
208000
109078
135455
414409
560015
291170
521144
33585
802293
429362
98579
423127
301372
319134
896771
145127
466971
507656
170521
742454
981083
480636
409221
270619
38533
908842
210175
946253
255757
395083
144532
977960
18365
279987
392369
92584
571156
913512
126168
887654
857078
224746
310781
672655
58084
721756
817781
39259
229413
988301
781713
724700
983142
190934
995318
535879
613980
719698
482132
869736
628985
140869
847696
161554
935059
754270
254137
20420
181987
894509
908073
39066
633459
733058
711720
205748
969019
43706
245006
712636
32007
26719
437336
529353
731856
946858
65233
860040
180761
61569
729776
809745
202437
91678
485503
651700
360152
739640
672120
542138
148354
94398
95408
296017
827456
321332
501764
796475
365037
260975
23316
911248
801897
460651
954805
533754
921713
20038
393794
102475
81607
637775
912219
798247
243657
397723
449948
603808
651567
636272
145946
314125
730669
755558
124346
72330
76890
140315
383009
956131
401289
406324
381584
203186
381179
336389
251144
302893
356427
159143
405367
952237
311122
831790
264689
554778
743717
228841
672790
909488
865112
818735
737817
109987
88498
862163
696520
679592
2478
79530
635723
917970
58
17307
121156
381237
353695
886504
684129
224326
45647
603700
690767
356768
435490
955456
425750
693412
184297
98540
602900
563614
431479
854922
187805
519977
717085
884324
199569
233767
478058
349496
151737
478116
881006
787096
859352
748905
673600
57686
487436
233451
661385
178203
104423
611079
647863
530172
304491
346365
142916
421596
909978
574395
276518
611987
608576
507807
10516
322349
741573
488574
671844
407514
480894
67055
194610
340246
815959
868210
397931
303395
615865
573520
481598
720288
184599
129461
250460
3295
475825
393376
424890
900007
481975
215612
26199
90551
723418
36715
412899
464991
39493
598947
386709
520386
666001
581318
374836
481960
963732
286971
785355
579598
860490
781157
814090
559293
424822
64550
562587
414852
972129
987476
314859
968308
203088
341058
58859
440710
891976
985961
419905
931468
584908
806613
966058
250909
387932
340894
247074
865868
627864
32429
959670
2559
327790
773760
561851
752611
352515
638643
167463
838848
626119
996526
807157
343412
851788
866015
784121
257969
851977
718231
189437
951089
524844
155495
201999
426980
10593
963276
292849
638456
509909
252519
155219
837698
26280
231274
104514
892998
869916
786181
731846
10241
296912
539003
353652
148700
919223
651977
406668
771200
370208
110309
236494
409257
780007
952696
836236
790599
915972
129085
943259
425881
895808
98478
263579
436292
329751
882297
329290
713872
668478
61136
724112
479594
600139
77764
628293
519362
243945
549165
804766
128358
173678
41260
537614
953684
993956
373850
744283
424133
17140
201747
850014
912947
814428
627797
349239
658383
24299
678528
372255
692776
739663
96367
686574
339802
688334
829071
373368
932279
378236
178134
60637
551913
733598
112455
19802
727554
486304
278289
665891
17648
480035
515905
930594
808667
657907
279833
467051
682205
472565
839305
889186
212229
935672
575760
66235
624006
404832
439603
70490
297272
617736
645330
363390
351334
757784
383191
593092
758293
661480
258984
775940
655719
289093
706535
464387
946999
500572
931437
143410
973137
284947
32596
699570
220619
608355
765804
358830
527391
205407
429319
824663
337348
74650
188053
202886
346638
571243
310183
104931
746927
569166
395076
916851
372463
615815
381238
833667
116387
826879
977076
603728
111826
9672
303298
846649
132231
69103
719683
659622
788713
149002
998489
640265
737855
186542
843151
84494
271989
153334
703628
18917
236704
612908
935767
609166
228723
831209
957037
859314
172293
934113
463042
798322
457989
280545
159176
104425
863851
878858
764046
166769
27861
762535
807034
279920
463281
650185
878617
735269
803518
96451
268390
554426
709358
204157
677796
938081
549570
634834
311600
721862
568947
288846
520185
541141
569390
679360
645565
433241
72424
409611
600010
614488
686350
921248
894407
663835
571433
287230
399104
889155
383680
667494
443581
93038
385855
121377
545323
449630
756210
856922
171492
839362
145769
205881
380503
229363
399446
26068
176809
471869
949882
291023
86357
150437
212271
494968
814271
297908
782197
727579
187063
165877
909277
144848
773119
809337
780428
832646
258967
50844
689569
430458
890205
349542
150544
784912
578904
64194
325184
269917
536062
789270
560939
136623
939706
287414
145795
268182
585321
442197
509965
772383
608073
419243
431435
895396
228580
211864
728043
1751
262707
931816
432208
667116
281358
96956
966232
374466
161149
291416
644383
211415
80686
719526
862241
534596
6941
522241
316982
592261
964437
341151
878849
86715
274598
310284
982111
17382
36352
224359
19132
299058
156175
965544
480378
437532
62500
446610
326202
737853
252230
484789
463472
332915
204316
839918
381715
725460
362159
212901
317721
326596
554052
710774
413310
828649
21059
395421
846031
57410
619779
379367
870672
775953
344911
351050
727689
921615
311865
568096
173673
564094
52885
637144
411214
771404
477062
792928
496864
839220
520034
328790
165816
74086
39564
93331
416939
574826
488751
777174
146441
622735
156542
531317
912892
15657
396571
154787
937271
708435
722882
110944
786734
775766
262293
197948
547171
739354
505080
558239
92780
25114
887028
772799
613403
440797
866129
30343
15623
869085
321721
676267
6025
478262
207584
918916
8124
604155
587907
945394
312590
310789
570543
613528
600760
832835
811475
662135
86394
316556
220374
693377
855873
621607
980381
469277
62404
360715
13824
78026
744004
335544
754293
750028
328011
476081
183150
336134
80236
771056
281528
907030
596050
366275
520558
196810
713314
332034
858944
313913
162794
593522
7290
18667
215129
501875
487943
277532
862590
501766
869762
606594
351515
138260
356623
679525
614340
53977
15659
208781
825032
811390
115811
935286
177666
150573
132096
405184
482606
505244
719096
159604
98767
726386
178271
828099
228261
180418
105632
605055
196389
489598
211650
547903
142062
82477
741632
756401
136453
757290
965181
475689
568680
595196
410976
260550
745769
57276
665734
742579
562520
384830
