801200
544356
635968
430576
66768
9189
295793
168576
767322
752746
644565
482823
465056
924747
943569
998280
262471
740287
955061
797284
556668
931006
183777
227293
872433
995688
215752
260572
672507
624475
837186
473708
683035
987358
418488
264007
996547
228485
946787
278074
981230
591352
760897
960490
30304
218671
472975
292774
473162
428037
604262
29830
873247
302243
771327
259886
297931
987078
34662
484643
125759
871847
958350
808793
373411
891042
587005
369958
633731
533792
162236
614961
125144
437337
89656
669651
170212
76835
962424
643373
504871
566687
187408
892323
868929
958734
152209
681065
460017
186870
165708
585775
572921
638262
908773
946331
43509
495778
830493
677239
29570
506934
806404
668917
458475
896059
338568
628687
972893
815196
786264
991969
896087
487876
398497
765017
960814
550705
960286
420832
251779
640198
520811
338904
278460
943788
285236
836172
953770
629933
513411
983339
136867
834019
166461
109547
730078
19233
252438
217176
834429
552906
723349
730516
40783
636050
9738
1597
700959
484228
936632
952737
124426
457444
805846
917089
915436
605286
753261
869207
235219
780876
366751
886290
614895
533212
995836
859177
66649
248274
590558
901077
801179
828111
145799
356166
464162
669740
871967
165121
153969
808599
632063
792598
780247
437909
709688
695684
43195
977153
564891
792617
272235
931641
678907
887129
979057
188948
260512
45707
437221
851069
460988
752605
193385
120991
108771
657546
790731
980737
336872
458904
303542
968934
251502
83789
921047
475394
293677
478446
966752
372772
271063
238987
818618
464175
640320
797675
167327
900831
357586
604548
266105
818574
871357
973694
939564
494332
631240
244500
475070
482316
703403
292816
965454
469110
890808
886501
458708
184486
879151
425460
557257
664419
178651
375875
642798
818971
687755
810124
234007
45341
928876
14317
378119
800233
988010
317684
294566
133455
76388
283840
129976
293996
90860
95430
763105
981667
496136
736017
166153
375287
161478
237615
553910
340128
127694
196708
673303
815448
6833
421515
374994
935708
950035
753112
250147
938045
585000
544712
585704
175593
342756
715679
469588
433615
811109
746897
415282
821449
482914
95640
196736
644391
847458
750646
498724
975151
461558
686231
304805
468390
621950
194003
404099
571985
461319
168450
24235
560524
713161
609939
736116
570121
839822
205704
517940
650931
952600
933221
472380
435514
543065
183321
594110
390523
448171
607038
879879
909728
807473
698888
36772
407095
296422
1409
868413
464871
25644
428937
692236
149787
165053
776561
989608
370756
294501
154745
837560
741926
141329
273075
284992
324649
381389
189719
287024
988426
583802
196753
310104
796894
89076
739527
203989
899701
255141
72403
364572
280784
501339
571012
430570
180597
347573
934382
551352
642073
89127
388913
383999
230456
176192
183195
555104
71785
887118
842128
60211
470920
553085
370314
267815
642160
624046
471803
541861
879186
544205
420637
674174
559749
991648
618948
740345
853425
553330
805901
495498
642457
709018
393701
872912
885209
576896
942220
956993
464014
298553
531408
449138
851637
415927
716952
8002
554177
702960
64067
433363
761369
484703
107537
321118
990555
726484
575667
843980
794018
381569
853682
436475
90587
761588
823591
490001
852688
765812
961198
830906
64365
6812
280044
430207
936942
511201
952412
491119
214161
16480
924481
489734
501182
546222
325057
5943
786910
900723
849922
580928
796496
217810
531608
401288
979397
355199
891288
346290
121011
366691
177196
699580
373502
457239
643991
824648
482644
596403
315767
211009
612882
754452
700743
628269
300674
25800
634211
601788
440727
998337
696921
237224
730351
228529
638511
223953
583727
44004
570242
218943
924898
747437
918522
298401
718881
76718
637253
201525
673120
953020
412534
800207
707472
627481
942680
522351
653280
91096
124139
94007
603637
335264
845434
333989
563792
483945
72146
661724
42153
642388
880666
967051
904029
313393
779656
622910
390110
416909
338640
577434
369929
265378
891845
77402
892858
834525
113957
60343
439825
238095
668553
43463
87564
513988
891655
651355
512137
963800
827283
554290
120393
707949
521341
24423
535546
300997
161537
439860
717905
14381
531499
87835
279758
423344
679440
686820
772074
793396
261367
211899
545695
929920
255361
633258
443908
147016
798818
470249
625021
626101
24539
745413
848255
545879
284040
898005
846875
445577
337866
78986
974161
869364
166820
253920
806912
846259
454944
578986
153860
716311
305090
699554
646231
560450
847017
604343
221671
645835
74592
846691
786140
613335
106309
148600
159214
390349
46606
520294
835925
898675
599279
810086
282244
280303
578210
89156
640766
547359
182347
794625
263670
487436
8384
424105
562090
855400
28448
783760
501235
617243
144656
801580
744782
250965
950179
903996
641313
510989
938494
991442
409664
51978
315733
206112
332280
408148
295268
973045
955506
991818
281875
219176
993458
290258
643280
555548
145659
185932
853513
161098
317379
998168
962677
62162
249133
427062
480362
404650
938050
418856
910296
861919
985037
226030
68031
317317
634177
877502
804566
103888
869320
86441
323063
862778
890902
480547
932531
36561
180683
786044
711863
498061
784212
188745
74427
547550
615806
554788
466404
553857
487848
376701
415776
472885
116935
998010
304406
265316
875513
108972
369203
259038
709616
206470
121817
600519
687016
568552
151284
867698
354596
863146
879963
653012
566096
954390
714766
181902
23383
181171
249963
511231
72076
179943
498320
189010
177954
802726
968529
53467
911697
337732
312504
621314
544201
948524
736037
745421
31281
887320
613119
385876
264672
7287
553093
830767
475881
267859
526873
499264
963233
776836
524699
549513
956778
23019
738522
648936
825744
707051
216607
251647
558987
529111
387165
103188
991839
637406
848608
23121
524726
975931
923200
303602
497423
476293
648573
973303
258357
175447
472567
735794
466487
997265
285308
937469
534489
538034
586406
874437
759290
317217
640288
318277
360532
27453
935669
352372
664858
784277
889696
703789
274414
327101
521595
771836
317599
170169
745139
90160
859819
731911
825953
840510
243381
111261
292184
777869
649295
392794
166512
408585
710011
806799
241066
70543
348457
176735
937118
527519
475217
826814
745512
749630
668120
267108
35671
985718
951480
780809
590082
325504
26925
416035
680218
270306
41501
972401
562379
205000
365196
728890
127789
75207
49895
368854
145749
912555
545589
597072
440074
535010
423886
185587
284640
606210
966898
834514
106133
432583
615323
696214
758086
156453
626454
438304
426758
667954
410705
503341
872953
290105
232232
742
879515
796330
883799
539469
708885
943592
136541
663163
478602
74631
362954
277446
680841
844056
111960
301178
276639
241488
997392
34725
397940
623846
987232
338902
806004
912142
842242
193162
202247
74474
708107
595967
385008
591906
135436
608097
535499
271976
271261
528305
346606
148419
805751
541651
992475
917710
842829
269114
673402
354426
818043
71342
492476
805275
410243
812684
231622
