902183
175491
625420
594658
3590
367886
289280
623425
972940
999872
113023
184590
61980
255084
781270
803611
525690
431927
560901
5076
907616
643786
114477
832796
904335
860245
404276
570069
117029
966795
469104
19212
656490
94524
128074
660080
462409
931558
797709
949554
931430
910732
648348
993410
680020
429619
797021
719914
861545
872127
724990
283366
515913
839466
116162
420248
213916
34643
504522
330944
515642
487830
864360
172133
582353
506638
346417
558967
438196
144126
22726
369627
569062
671073
877241
249083
100692
674262
968996
962237
60594
208191
245603
576506
561861
875969
510959
775776
910611
529685
620925
426253
17515
999489
112590
114072
506127
459006
187243
944323
603132
209968
828154
172194
881041
705395
935480
981732
893861
418682
458174
468660
626872
217982
45166
702938
93951
70329
478714
518766
600013
613843
459223
131732
613332
571813
245804
633664
30819
947250
577987
148155
157219
920345
834553
552464
139945
770033
534196
548010
702919
506575
16670
843996
724556
576040
546934
332711
160573
539852
851476
274791
153696
310699
406522
281232
396716
166530
914895
941739
113781
7087
89894
270999
441636
438651
823462
581580
722889
871862
643795
425808
378437
174669
269804
617197
750708
816737
949907
425486
356590
315588
700276
24490
140492
106798
305721
537207
273328
734821
993150
901312
741907
83045
686515
183544
35900
24182
279328
758788
896043
923122
184597
788685
97792
454400
920086
362704
785342
869994
788189
656136
699786
2670
680625
840277
109468
500550
377485
896999
235371
370635
312516
977278
967883
999030
675026
3784
23212
954353
276776
433459
877476
461372
222144
489472
429977
656435
852175
215319
526429
154570
871454
740419
157239
66284
580697
780910
566833
472386
192114
802204
357225
504629
293687
839313
503659
968712
357301
526870
923065
634076
474534
314746
95449
210882
804217
39630
867316
170598
254948
907949
839371
640606
648369
510814
221094
229066
291725
787926
701451
483838
104335
572880
502672
912225
412193
6331
880937
769493
47406
318208
403570
521939
147158
13223
732820
465580
567056
114342
636177
822003
22291
989752
976813
670659
500566
197907
413929
792290
500037
629584
790333
604372
202465
807209
30802
614657
813539
911739
898355
375149
744151
301925
411292
891308
829351
658317
356888
396407
286863
507269
732614
309153
497021
223632
494017
997587
421538
907945
304082
435779
537530
608619
554355
739994
415828
585157
354651
743572
11101
253006
632925
755251
69135
44218
160764
412690
216739
31857
809096
503601
539125
55915
326958
550351
279546
820974
62143
215288
728920
366224
651067
266450
974843
719626
6444
390671
304783
875298
648447
315883
642509
281373
585338
225848
839794
260307
638538
56533
292163
961838
74338
345492
531958
401295
895842
811503
736474
472189
540996
465394
838413
706267
731843
327461
425893
252491
232336
244881
641993
880783
560763
798706
162156
660306
538759
1950
920612
177297
572686
726979
653339
161228
72471
185297
76727
482518
511005
813200
954706
52001
278594
307324
758267
524641
634784
698364
291336
381325
943244
933329
262108
18213
246240
938467
678518
784998
454621
113335
476499
27307
840313
644043
188534
426988
829339
265260
423710
854548
78461
892621
906548
871258
199945
179020
395900
348934
877384
687235
730258
820628
134769
506570
838840
895213
445037
31563
680211
899657
659101
670915
441168
13619
314958
143906
440607
658501
409165
378521
513050
1830
271142
419598
387293
471087
598618
783192
334225
990206
984631
64483
325039
633605
571052
678084
528818
530293
709646
723233
944154
882952
394148
385322
896570
223310
529227
851381
881811
452596
229903
394861
968630
501044
814458
355923
486335
927280
653319
820559
431691
637950
885041
756730
271555
970297
434814
314577
14795
658664
37811
958948
541616
946162
344270
438187
169473
387701
803772
51284
840297
33675
960348
323132
534719
289011
679054
21054
216292
332373
355818
162187
484527
755063
918916
270287
725361
353730
584863
740155
526599
136878
213309
68215
597245
557578
20606
280922
945279
824378
846409
299781
858052
806757
622912
906975
95768
816170
442234
826263
148543
798051
988450
147274
553114
421571
417560
792679
289506
516628
47040
816104
167710
260348
884318
764954
332130
419129
560080
277409
243507
406489
91394
615763
727450
714305
36944
823218
530475
479177
163686
193222
791432
666340
340496
344546
87912
272260
651430
377417
788887
698469
193521
470802
958816
592043
749960
290946
525376
310041
82560
768882
716529
688157
898850
958184
402463
935793
781402
447142
414970
459292
154569
720606
125633
9269
65152
213544
795732
230786
105165
98825
929254
812889
569626
402275
404932
319586
207426
930308
629626
289985
213395
860360
978141
112245
818544
894808
562242
114151
856155
491416
87647
524928
212022
213279
99854
941026
844132
22164
46191
942956
465623
859079
512582
867897
778216
832168
75323
222729
975998
879511
436123
836358
857653
62573
169107
266666
139019
797461
122821
630435
885108
161953
842456
98387
210353
148039
553618
54486
170203
599808
997441
150030
973092
510024
17927
265513
856396
93250
488241
832394
972760
438568
182958
344618
15345
866268
611284
154364
663730
248309
299003
548838
924466
655663
161429
134819
803702
715046
703508
488109
829059
700950
638138
316356
725178
170269
581868
95779
263518
584313
928172
750483
22881
625334
609305
552430
491603
734793
220998
669537
497307
520000
218375
421773
175663
894007
70796
493569
123259
774304
981677
952317
989458
134020
268673
714636
304289
364745
810414
82011
949057
252791
346698
486142
878125
956003
552776
883932
690796
773773
553469
702307
293773
286048
638284
983640
694259
709080
477209
817517
483384
973091
284039
987046
107111
552711
701682
411399
431660
26301
493410
380717
279091
840107
381064
671420
310315
933839
69557
515316
707613
623025
217623
515590
423277
855907
499230
631741
79192
490644
449258
76780
463735
733297
63826
570845
800212
279712
982244
231873
306012
989858
126794
585102
344170
22062
770727
654485
955901
840283
684005
177719
977513
901627
693308
914994
271739
706743
546735
865134
197387
510198
941913
661121
757699
519943
746170
557911
799654
242619
303988
105666
232477
944986
204973
90852
967047
975699
259541
437153
815982
943545
129076
307700
359377
336589
222695
145321
43332
769429
10455
754922
279627
952368
930247
551530
472311
676417
109442
786170
433241
927633
891835
179922
386824
96808
270773
868076
72507
530313
305229
402694
988062
948509
710393
347440
285098
933087
492760
328429
216722
17419
597555
10553
483991
527802
562083
956302
718423
185729
742472
151664
113362
148512
331586
14391
245320
116563
882466
832030
161081
701899
748928
149143
650408
459322
10787
935505
906613
17751
778138
637539
35170
375693
648092
519160
417699
210175
989666
650327
910107
246343
316195
537673
394855
161985
552063
154379
278548
948733
500613
953832
650633
249542
102975
815245
223068
627966
750751
643885
645716
43094
281425
195090
932991
929516
714250
350690
