967440
191419
916267
227147
580695
962392
134787
437066
788920
151456
787911
509933
902815
457288
321623
22264
698092
662424
242031
88817
532408
693735
288115
268380
900453
514683
256701
931739
794504
187324
733218
761944
378743
649485
989090
473642
126083
638082
910707
429207
303742
212823
939139
206557
670110
774966
743025
368202
437390
985055
971222
484003
192996
773542
752382
607653
802429
9083
539392
596934
196407
786814
358878
89354
436300
862173
562995
562382
500255
473702
991588
803996
686524
444933
524758
870838
219899
781987
753245
657289
281247
238672
655496
474242
12214
407878
81895
814643
416961
135491
411577
127572
922305
284659
731129
872809
661036
294124
949395
675495
282030
455188
993696
482758
900120
32659
867800
634224
814645
135250
805717
95892
373922
461213
84339
386135
869090
680437
200778
800255
330133
126559
442031
252438
925422
173160
639451
586458
981487
588846
261954
777721
44034
255650
260479
458359
802512
642484
92583
617157
777733
898299
227253
151655
359512
311591
51995
742806
506233
766976
543062
836365
893535
985092
603007
818957
672457
242458
919619
653944
345508
181573
431666
389541
951426
206349
362104
753938
848832
454686
885299
140771
867189
112553
806629
740905
938347
858623
483712
958784
625600
540978
795149
33340
40275
398156
366501
712731
154818
286120
880880
500325
981897
312546
404071
447528
33099
766174
715671
396136
735065
600970
536906
116459
227727
857739
857364
680279
230568
855280
639063
856167
396258
948417
403711
436532
346573
770211
663468
15596
570535
544348
30125
552432
371098
434195
514165
404196
714574
229836
800331
963843
345010
851441
80302
86942
223386
937665
767220
453953
792945
920487
310120
703407
868904
228035
654144
729682
998245
317612
745277
82985
376164
775401
149622
261466
723801
663786
665661
438375
407826
980197
402218
752835
345843
482519
353981
569228
934389
635405
23181
241539
555893
847504
944946
939001
75539
599090
668683
587988
430906
928164
670973
807069
217771
820594
68535
941571
998584
248400
894150
406410
742801
810572
673449
88645
807295
541635
172077
741684
177040
709462
497428
247137
556966
442374
186139
146710
41464
369026
248902
986573
297191
919874
793642
29166
254673
376381
484941
767461
138985
379091
173871
881786
703867
361525
484635
511162
903159
656711
767051
80199
366173
264479
327336
437344
221057
27679
584053
262520
396704
347159
763297
208099
267034
556939
237264
35911
447524
722204
803372
586508
615499
491447
982498
319366
367176
467133
344733
784539
638049
111784
864738
4222
890466
706278
955769
111523
248161
54027
888246
644864
401186
651543
367168
182424
722686
604431
732538
684414
840840
535910
270922
970543
541562
253421
289910
422942
720553
148847
207482
872806
774834
586424
877028
665300
806906
347002
291027
55067
401029
693477
214135
316419
345020
581302
498842
581910
699938
231380
266324
540778
281495
537245
511321
337261
304870
315435
760202
539628
464281
481888
412434
239115
68312
803666
418619
875217
150669
709645
930283
65902
403122
144419
382320
262346
239925
395366
844255
939862
140950
624783
480640
422444
676233
506166
759704
981102
335805
34112
520730
800086
515999
447369
553405
98516
251035
486229
973732
915907
710078
418221
496013
627405
76844
392537
889750
316768
787902
248211
256631
928852
872993
251475
865500
549226
757640
139410
44534
607650
173521
79468
407736
203724
526836
475345
302239
292076
961573
790176
722187
671652
208397
218201
299057
285240
610737
703011
116212
912844
951221
372842
355901
338420
138522
221401
401850
410366
875014
446383
18016
48535
40056
939955
766463
566891
415301
582906
373171
891078
373082
95359
76935
95683
827763
375991
895126
952704
593207
11339
865548
58633
898384
735653
397052
36906
957054
313107
447272
832068
759489
465287
394808
799544
405243
675475
880640
334748
258381
253811
225826
145668
863373
302761
755554
691136
192956
650681
643841
786162
662019
23594
844795
74608
759247
756051
111514
230506
583362
72990
576778
857056
52481
485790
170805
971927
161265
51445
306675
933850
819460
46706
593722
197038
863670
349276
888174
570830
514161
46220
356993
690384
69813
715992
764992
343264
986247
390710
573769
569610
463699
664752
426666
516179
150542
597470
2312
826011
163120
308986
759861
496784
869895
867787
693821
247770
217063
96200
818600
731224
142419
689797
421608
726436
405789
700804
583904
906240
91514
671878
990054
555212
336630
930924
585596
1376
42600
587907
827386
205719
411097
587247
216707
795197
969238
910527
42967
186302
520932
861566
431730
177555
551363
367542
418195
471356
68347
2100
891801
159860
188182
881855
229277
524811
326985
329077
526186
369584
431188
867777
89507
356489
969228
306213
151686
938467
730944
708857
638973
251876
570423
70703
429431
635991
438244
847625
621551
20795
849724
513352
694859
37906
909412
924135
76921
236397
767416
117312
605980
198604
985088
695486
555092
954316
515903
220983
406988
246847
929839
45961
498723
14467
630867
928153
650457
69112
289983
786213
604110
653912
299565
298969
691817
208977
737308
282943
959577
504724
914458
565557
703327
413751
775247
772624
368067
291150
993606
289260
52202
437650
335220
550924
452116
966087
993281
616778
549403
283264
402991
153513
937175
216760
966686
143198
939941
703994
940344
899518
208719
854802
979280
426250
268553
754527
198874
150824
559882
706684
440083
612083
144334
289508
677211
596450
255595
184697
727432
319202
467960
644627
986918
919340
861386
953604
576742
801327
171804
517086
215051
894726
886092
194331
320976
154645
463062
34055
819672
537148
740738
773960
663435
885072
63468
340646
995726
833266
525342
723158
666672
507507
367785
653590
426847
743375
121400
517793
58908
293203
34879
273958
702133
435175
468288
23109
589819
931349
57163
923695
468498
797901
697655
131933
197178
275327
986783
192904
622797
26330
430266
289469
533836
312255
457264
474887
55630
578663
992679
628741
386070
541762
902698
602407
976936
370986
625515
80960
816540
196883
4656
285038
508988
216515
931174
706165
6047
432162
413273
628843
458492
843538
432517
506532
669997
889780
981419
239831
982647
488303
868572
882921
30066
771270
485328
521206
656461
625047
602166
473001
821929
121026
272243
845121
337540
717621
65491
857790
149784
478763
839
122480
836505
433355
629011
20707
837339
124635
260538
334191
612938
129110
217112
157208
414584
216644
678413
71045
841690
794783
544045
177825
915808
816287
537150
767553
48114
602641
625343
197897
595608
626181
320376
946318
573740
463591
967024
925283
588226
227562
259474
715368
870875
990789
872575
799664
721637
65193
384913
77533
859976
928958
769561
289989
259450
306711
57542
307563
909351
197090
19664
19165
337475
854243
965482
425420
317835
932506
350703
906060
674273
124382
135633
59353
629375
522412
373221
865217
101809
758134
942749
475989
201297
712310
765978
460746
19021
337724
282514
442577
534813
302177
461741
872288
156421
941427
811912
988459
388138
162615
408724
62411
