332769
210556
660005
308028
286134
378460
938617
546456
850600
240782
405827
431283
974349
751534
484460
893782
271993
670972
311655
850002
699780
582555
270947
433146
620941
353627
54210
181012
32892
236234
88317
879864
960994
748321
702096
247128
640985
640714
307788
491585
881495
227820
437073
370049
979353
921532
263831
765551
592504
89690
615553
806489
186450
886499
239635
807390
240126
293845
502606
787221
44283
590923
181290
519481
339244
883386
280814
494434
38305
588601
986018
919799
330625
423091
804052
309979
344624
582087
589734
451332
671776
205287
257821
858225
605990
11661
665616
360320
819709
168222
661745
378196
273349
843034
897677
126798
240625
692695
621231
278929
795500
607249
712932
126126
30341
516984
950308
374964
99071
540042
340500
770847
259533
598321
143277
865522
124186
323097
740046
943894
5524
915995
322090
278872
759029
733971
405669
513859
426666
26900
792787
222167
634149
505720
862496
178694
22704
812804
553657
635979
867050
408361
921030
126583
6682
64307
506309
645071
387404
246355
588965
907131
162350
911055
186003
435583
645026
591672
949441
71693
132776
742229
808063
766924
762153
184764
945617
784856
997567
13479
935039
864617
421840
856069
505404
942725
920376
11713
587797
821984
772271
690966
729115
934620
602021
429322
884407
761252
20994
833849
347149
153770
90283
155212
434898
366640
854179
894720
151496
851746
908198
86536
230568
844242
456809
735971
301173
377185
261888
403174
713373
34159
94140
956692
482983
210366
386015
367390
971617
921212
715443
318766
589186
319930
988181
24085
686569
842360
433009
352270
208311
855411
953009
953082
699654
409818
689053
515031
301208
950940
432409
14581
499303
526548
971273
982285
251118
871492
349675
222735
792704
65119
55705
381891
899252
558090
920179
585822
914654
353188
938091
637169
208599
891100
590251
422457
815122
793508
451692
116330
258653
884100
130911
757955
924853
616388
740240
175971
487880
604120
912910
280584
183443
482819
176679
82695
555114
96858
668516
469768
964249
120812
106938
687053
526116
211393
623714
341239
4902
589611
457568
263554
987915
102683
21510
912768
719070
275954
602944
206950
880073
30059
1739
63516
512877
178417
660415
67991
789479
328931
51964
267933
963947
673105
469190
490063
884497
92905
831301
403603
196720
803074
667157
184635
905756
202871
97404
624827
993028
214552
345981
873102
244610
347719
450822
271691
526136
111237
853886
829819
954372
905849
97752
918319
93159
566942
408382
491860
174051
753888
895463
370770
556962
562620
555404
976922
279695
167012
601749
272723
381563
947730
660029
140377
809653
110852
412068
335789
222088
265954
679812
176460
686007
777564
608983
293370
858710
531570
785229
546965
285458
680692
917734
356624
757516
987342
333546
37211
668559
449500
824138
564326
911434
484167
704703
721087
595018
630975
571081
331311
411133
250893
21975
611344
28457
630958
904713
401371
162528
204147
948335
962189
884839
380274
318813
156560
367617
166563
193771
550380
616062
17909
114706
41701
502075
819408
762788
611298
964587
333869
942608
375720
584761
964582
987063
127423
109745
405981
42998
272272
610128
991333
234461
9172
371607
67478
165731
253428
234041
359501
803807
364307
891613
432718
406008
907893
252126
168796
33396
216714
16869
976003
106638
601629
454790
607906
243256
564535
13887
286254
351011
624014
277587
585472
147390
163398
167154
313121
931030
401194
672621
249042
279706
78440
681759
685713
500537
448090
368713
533932
179008
385581
509935
285645
501414
478929
893550
744670
557668
421642
545128
908679
559860
336919
8356
707250
500316
175509
20371
945550
90908
207196
194593
370613
799839
390556
570530
300376
838645
939242
834307
17653
839027
858446
817502
340441
337376
225257
599315
895043
646898
144443
317927
720963
995565
326282
428213
10087
501791
962787
955636
592698
169983
664433
477515
969822
54990
48045
270198
407839
501491
618710
939696
340518
477156
757198
195163
328736
982454
308683
737984
143558
967329
570115
864520
962895
896397
806937
972981
912392
769724
442822
19295
939706
107256
496809
423733
676449
544853
208136
598492
46344
826845
538188
901065
818205
295386
96228
661146
792045
919114
399130
935602
886444
969244
800122
849339
379846
607059
336525
292238
890987
779346
311532
830693
400806
322545
768631
77255
867397
976766
675747
427945
317816
213935
329010
136021
23526
939442
797166
815570
858556
710500
751172
745000
193950
65499
108544
88000
186762
445068
380238
77749
738619
205974
422646
139425
528519
191277
216680
910120
682247
406631
338066
63
134770
181280
650288
158295
120722
447454
973864
493483
672159
725036
752687
380313
304739
861231
468312
491500
820503
362754
569248
559122
82933
506099
698547
611451
697375
429431
35776
379623
836061
373841
893889
970830
69326
544177
643330
190047
505836
617194
197734
177995
856435
950421
72512
675378
811652
540823
166879
146360
417782
250331
705482
500714
756429
918233
626369
968009
347664
662144
347632
697929
550190
755725
668759
619515
299903
826293
323766
805738
443488
521500
497937
814127
471921
570448
489505
797777
625475
170588
458341
43257
420919
163823
58175
691552
82056
684543
659561
943923
346688
7193
641852
896877
277123
824816
30597
577025
651109
354362
382763
608801
875861
880699
422928
861986
965351
426638
173968
590826
597225
632309
148288
532348
310336
206462
223901
906596
891005
883461
850519
751897
404859
492372
162979
681981
317188
193575
259006
482501
62141
155973
91303
452207
550876
28435
314193
30432
455072
2366
621257
566502
148879
769544
613054
973418
490211
836954
880014
381216
234621
244739
647317
639479
251315
810295
835664
82707
518074
608874
565207
580214
279051
656509
546625
829926
199149
860818
860357
654220
377388
995818
734926
40471
279568
347981
13889
769778
699139
893903
150994
933759
138642
312515
87443
389956
637014
923106
472662
155088
46185
552073
249506
325235
208583
796131
669365
407731
171154
529722
576155
62746
39746
825286
103216
319313
687471
117104
89091
900814
11007
754288
834574
663852
66803
436221
568012
703816
873532
40674
373108
919716
106952
622613
244952
315534
932948
914316
237469
104102
958243
327828
166847
512193
153114
784266
831505
354789
901370
920595
255604
426581
189088
604382
90434
255890
40603
658445
473910
914134
213324
847017
348056
320275
983834
107212
150013
916783
21528
901685
535089
493975
229513
216141
6168
896831
407
351877
251620
901776
786676
21428
328358
975763
625809
932995
745857
180617
105645
219767
608955
318968
580988
471215
153447
564823
578426
817663
995810
114159
719348
530899
608133
948861
261244
128506
359897
261651
480382
125721
677631
781263
147149
520193
757026
287162
453188
502884
981982
558833
236855
590938
392005
817843
62153
59657
382666
154784
877319
892680
268942
110873
423579
391279
59734
199028
519784
933834
460678
514371
59555
652513
809838
720907
172707
566864
8070
140099
583952
504256
213136
820807
609398
119346
638650
671551
179002
535520
340539
570525
942404
609480
681397
880187
759
255335
79215
34748
189169
539892
63323
762928
706610
873160
483835
879316
954228
6109
19415
538181
510365
746755
873192
119763
866100
26047
305518
559306
75771
646056
129831
18175
769740
325433
898361
770499
94972
977576
319451
284141
31673
382773
561273
738282
770137
45108
131803
724365
565421
665422
262546
589990
412177
135738
709752
278277
675988
529475
351787
751758
689735
995821
769932
459476
321254
668294
744179
416226
645870
63630
214571
191747
960606
775843
930029
730743
335155
61832
455108
900575
727253
231859
490565
653634
881800
714522
446115
557789
758201
797901
309547
962140
793723
593684
421616
114977
261978
679999
45407
422052
257833
774181
128003
218439
550024
58032
949181
885179
634068
918494
299959
875525
664557
790524
529160
546357
19251
975274
618350
777451
773176
442102
739591
81104
35786
675412
710284
811967
869615
755691
748223
127449
529872
876225
345887
594101
448462
809273
993484
82530
727767
293443
472259
392324
598171
1419
452885
131626
490898
585440
423281
778278
27542
677077
859381
577531
352489
569665
903702
736308
839560
651925
863756
883637
42355
209644
477738
490816
18917
471222
87550
260888
278869
74014
167416
391245
75432
134505
522870
80534
719944
946151
858811
261690
623228
718192
353425
489921
287858
257127
226229
641622
423256
604190
525259
979815
813833
2997
470631
346954
988422
72386
122046
781496
146399
803665
172741
736034
938169
695610
816568
172319
155966
675379
434008
293398
907776
301638
297523
709838
72969
523752
351460
496225
642146
876719
476040
970183
879715
460875
317137
382343
47465
953386
163839
708067
757051
336579
444102
695220
546393
774874
381743
216564
964457
329956
509961
872233
631593
807484
582071
704561
845440
447736
714990
487586
324455
705234
457769
718374
166110
289110
100717
727778
242496
778759
435846
513751
629542
394152
723175
175936
683230
104919
906703
647687
434874
416664
34126
66467
224148
130401
285232
583792
578136
223
71378
902590
705456
43351
620965
385770
332460
235886
627753
89160
14646
63599
602910
158392
971954
840290
848531
169389
945208
755234
817075
380082
171899
365405
960752
910250
495806
760188
494043
588146
760410
79625
4942
980071
122976
625906
365841
969639
375996
993593
58800
904845
571396
175914
63238
57555
16204
911768
226943
475616
667003
558223
369902
353106
923627
844858
263356
933637
605047
271603
35989
365457
351228
40930
345528
988407
181040
225574
958046
557035
219167
531050
976085
304768
706964
39323
362322
237372
465295
589265
712988
132298
661692
597094
485403
585319
441953
262964
33162
47000
534566
69150
412456
399998
110079
272189
388405
805322
11967
346452
362357
231133
877501
338442
50105
98670
891968
926631
850246
357264
30101
77439
3766
691792
674532
3374
791315
116485
266337
824476
677688
315107
407830
604349
715105
32113
876537
617714
837434
888503
478370
713996
633840
870076
566642
198150
968745
458611
124781
333196
815874
154881
410634
819639
846672
599371
823012
637987
230060
603553
976668
907748
918660
898702
512097
147970
930815
902838
279888
282454
305546
758258
996449
453590
628334
563092
651739
111284
535907
290724
444480
865985
445604
369318
199829
292276
482893
22842
444468
712953
140599
935340
134906
573463
834042
647002
235637
279062
64045
515525
561516
883794
273783
72170
337384
416321
149466
503328
527604
199577
794051
486288
65562
239656
855606
265391
46136
338499
802436
4808
565656
943034
940147
700561
516498
774190
861767
266339
567456
925811
781863
643176
809605
569850
715346
661194
986170
379016
164522
513775
578593
472777
55725
712432
369873
909544
272773
222577
226185
277580
788232
169220
217728
488794
199922
506122
350561
466260
587782
790577
762328
230959
114387
332178
460509
775580
318349
839524
454306
346328
418117
927083
346390
576476
153720
230468
225
426492
453044
226410
218277
241276
395629
950208
244274
109755
456330
594835
90219
558316
385412
852546
789274
14003
184725
249783
789583
503073
89308
758093
849400
21629
199381
709994
112309
353101
454666
112534
293797
907709
338943
512073
663190
248776
462281
907463
872734
432815
16503
962952
991131
401914
815499
780405
415917
224
544393
719704
17501
147905
992001
381105
169533
191383
91099
281842
544483
59970
908579
352484
481883
761726
864557
145073
10502
326838
566741
883235
759653
583243
846187
264989
985157
661686
559598
915278
176114
103991
149187
193614
251895
655392
574718
935632
846774
180022
731678
905461
239991
640257
257946
721873
401983
636707
381151
926688
963544
947891
809923
237402
531134
170315
16595
30496
346206
576193
459978
522319
680183
123369
715933
932078
778761
804855
381915
625535
984876
113593
45202
739071
753849
817351
975149
670036
454058
356300
596724
931806
818395
920851
683413
349529
605370
700007
380025
951575
276200
354207
988099
956383
477576
218237
402666
256337
23092
784580
396076
522173
412377
955481
775448
680430
772832
750597
350466
226890
621101
461394
672901
953700
896449
356314
303230
501819
56321
197459
967599
846725
551665
955698
317313
543445
688139
719978
313986
225435
18763
224267
747607
431139
179748
37261
111569
466785
302062
976238
693674
437368
437632
880779
391068
334081
237093
694297
350104
807618
405960
317703
654343
471830
787605
971655
15275
475744
205838
843465
701179
224600
67732
962990
169943
247479
514455
795715
714263
816517
771953
922142
253885
723789
317126
644952
572074
554219
853454
922177
361837
773618
754085
530384
245448
55895
502039
774927
531639
222081
618392
747022
446680
686123
224217
130827
447806
738672
926541
676274
69394
698494
112621
323278
936487
429746
482434
508561
498169
850092
944942
374210
623711
699027
904593
869158
754922
920836
158290
800765
142917
776681
61992
103801
977008
800412
234627
939019
539084
675372
129498
608477
888070
756322
445959
824557
186068
442598
333118
198442
292690
792265
572651
430605
491292
991449
813968
760418
426490
972257
75388
569407
263144
651583
187412
754356
451996
936243
207580
991079
611615
337077
113762
499686
93399
73925
324243
793671
30727
171566
506317
323417
963830
78968
754021
969326
584621
567989
243950
11112
54452
319337
94723
317595
970920
282134
71951
422916
732581
279531
928199
344197
130812
556165
843882
738415
144295
682329
46291
175021
368099
552607
12642
331929
631574
280868
815460
730400
363061
59410
741511
417512
892950
350438
249311
863870
146776
835466
800990
879357
629201
243395
223554
760012
799559
581640
12632
458058
263969
58922
633079
146273
611528
645720
478201
757307
926587
807865
487707
289649
867274
743422
221365
274430
93860
470676
138300
240635
306142
453495
634196
935342
696889
857749
209559
10653
953593
222191
468711
217563
281112
101790
363835
892640
261714
356240
649947
702506
678310
137654
992154
59789
881075
213519
334218
489139
198399
986722
243978
504540
440217
878174
954086
137106
735923
163646
147758
203722
900040
616468
421284
181152
232462
299323
587996
494176
169767
237943
710886
362281
889800
703040
422070
285080
430763
756287
774218
143367
743009
532401
647906
183226
410575
116198
834535
660702
279843
982293
864423
179883
112966
799911
875238
859632
613438
463235
868012
297410
215382
578898
659690
105183
796142
81760
904466
741109
352252
192890
884475
609465
725290
532382
306896
650069
162784
141431
310771
442626
637928
689399
136713
265099
489310
526155
124731
616953
503594
992742
914362
718976
571640
574052
338363
367782
170017
242829
108891
36473
949922
993366
645937
675212
39953
467037
325281
202736
608468
150257
159566
760600
839655
810482
25699
843169
850841
150429
460122
354436
143171
374484
73412
229015
462741
925978
596796
146962
168807
219892
697638
118730
727462
343575
308146
767414
324817
147632
484354
933284
812092
158124
208089
651747
968605
233788
494916
819446
384216
469243
173882
41592
843726
761497
270606
820671
687475
381607
481837
370487
601498
179475
3421
328960
37255
825770
610578
362071
973401
609136
809559
785493
767259
17648
951444
735864
251435
960565
69515
149856
429808
757601
705651
787738
33303
490461
122615
720778
872067
604451
605469
987769
783926
608889
830933
821180
434659
955715
697455
922265
564851
507014
221963
332110
38866
173408
582178
804505
133973
651693
954360
77985
923498
174216
865722
956800
664676
988336
677578
50949
592788
283047
38718
890918
406140
383856
226303
355004
339571
923757
277269
904422
944975
499231
750736
983840
186843
332915
788345
835019
498812
256910
913003
422310
431125
292931
893314
610006
281267
85098
660954
388259
882348
213876
793381
288489
597731
19684
643492
451507
457645
434965
355929
402620
934195
620869
900665
121039
953783
689010
470262
966799
460125
383266
903313
405454
676196
796628
15460
471667
881725
190618
374131
764073
404494
167512
566766
516429
701400
210258
967935
159045
159427
838068
75870
93623
458938
976534
728865
926925
179749
199127
893725
639873
96597
797038
45328
286997
107871
574991
758664
989595
765609
132795
267874
684307
814510
348844
200736
515910
73307
168672
674955
232733
520944
265029
326355
979881
241563
569424
906807
421311
282756
314737
61185
379352
111775
620716
666349
733850
709911
939217
237650
475520
586216
505523
674031
400726
854367
874767
430841
441878
557643
620000
674610
78587
885028
515170
572673
126591
84594
479480
547901
881553
794216
123290
260906
420195
258210
441459
154045
968121
894880
391695
957845
481096
411422
631877
396026
779993
20849
826866
221871
92696
446866
896481
171282
331894
411651
258159
972688
10449
737638
34795
892002
46059
158084
667112
980458
930498
622775
134503
898619
517655
40402
370669
512955
966028
2546
908980
746021
23394
250052
967892
630293
696917
378578
315780
543016
304433
573938
515704
314881
825781
64703
206883
871839
736991
388199
852297
667489
10974
501005
80313
528628
541406
450981
41583
507434
453527
464768
767660
991124
714819
249757
621418
411736
49842
468956
932766
511135
498865
761851
336916
563567
482939
722960
300558
871137
575257
968046
882111
590466
562563
924943
646077
13545
480731
667715
467071
945498
435375
972399
660317
685131
593817
586257
827669
45219
55214
274640
70559
554078
36492
921678
631849
33635
644638
446612
904771
734100
928862
301087
324566
491426
226031
484847
504970
220966
152563
972040
166464
587937
458644
826780
787273
566666
413037
614942
611884
468250
889582
196647
536532
440278
118326
682586
473912
277168
129198
892887
11268
58060
193975
850038
549485
934209
849089
54455
155175
1652
540699
321638
589589
513548
662622
891066
80214
75659
506008
206302
58114
909794
402949
108850
864276
35479
791435
852392
312646
434837
745280
838118
492897
453459
202361
556586
901872
51450
611041
571251
53102
665944
407093
156895
179492
69715
47961
259705
659577
68173
980211
717690
492172
383160
826540
356448
418638
132180
208841
245488
567017
468325
83606
59914
921783
285966
616499
337860
337416
741744
909110
904721
921893
316203
61616
101385
900121
623780
875294
559698
691952
855505
277389
698328
752869
618133
54777
171507
264517
777821
931198
831533
246146
14805
405651
682133
300770
536355
19993
152390
792303
443307
57111
714196
273714
632930
329786
173835
256710
205080
733532
462867
574789
525125
161195
327658
657462
730175
13369
921979
507996
944566
267717
268346
959370
673368
464683
774345
723927
998879
440939
516230
442186
12255
744631
715899
645184
74417
889733
416099
279496
137471
878965
368489
662595
40160
696146
320058
770335
223719
756241
792535
168285
23958
60882
641860
211530
39769
930409
935456
38649
885552
965891
480834
897806
710522
710938
57196
784938
114876
473294
578638
252346
352259
947126
429146
906622
643272
263408
191162
381195
19649
983697
549479
557810
558783
705543
769340
598551
150157
704796
637199
35710
670687
632238
933515
381209
343176
990710
166147
972255
464004
258989
224602
330467
206115
653747
751294
363591
917154
942455
744785
451007
440357
294265
8817
999139
514012
778156
111896
664169
997157
263299
699878
182049
409741
147598
563258
752916
138309
243609
239377
116517
502598
463978
961188
708712
631929
712482
586508
63288
654937
331293
514294
609499
139762
37315
608638
653774
329676
234738
832147
326833
498037
532025
508881
907777
679622
586343
174899
332135
829952
414275
448652
846754
392457
924044
69671
24386
636526
656178
87673
805667
501676
116171
415166
641437
153485
538009
295211
483160
772746
127358
324197
784987
173587
833078
206970
367414
419421
381868
699548
763577
310347
662404
124536
702803
586448
194207
241393
737178
364589
843269
542846
866264
959439
472216
507702
627128
10225
317117
624493
297176
958679
462894
82163
646470
295972
289132
13884
229598
185204
713432
507379
9755
890040
631915
226762
476489
340326
982358
213667
704914
825627
270717
85384
299271
742933
107290
440604
267362
938610
579301
564537
897289
42195
160905
543760
338167
964240
71848
81969
663649
785279
589347
673403
189525
735466
414370
666013
75792
396728
393884
294911
222356
178806
380294
35831
921738
1788
476434
703304
940397
55735
267842
351892
97930
942950
895651
950300
907190
481703
546473
570839
781187
135820
758447
970711
871286
687021
150929
461282
83749
544812
756192
820308
723617
650690
856139
159560
652477
846777
377069
592875
416717
644910
944766
28851
102065
354622
979150
9255
836324
39828
94299
617511
175647
366950
102427
561137
53971
253355
22420
651923
798167
778611
472232
46901
842575
709753
595983
689352
86822
188858
106069
245936
133624
649123
348000
2450
628273
871458
838774
668100
965756
970489
357952
846910
72917
433293
900880
326271
455712
67009
638642
748528
539240
188836
692034
381815
898588
288017
585371
499614
476875
205645
745549
124703
854767
93549
641357
997245
479211
480131
179550
444968
964824
51706
806082
551945
484999
221168
392421
940710
288176
31063
203443
827415
734102
895476
723434
632690
183494
823009
132304
174573
542858
392057
813479
911830
999809
454836
909075
479021
449171
602829
438193
413996
654535
244275
480145
653738
465442
872565
108653
753617
417833
312096
95237
151935
207572
332875
784625
905269
670089
431133
594046
212947
337395
407526
124777
337204
376566
548056
816224
825737
150886
768621
753937
319625
12897
234082
973362
992542
620852
82015
260365
38685
394110
869805
190619
115887
716885
489448
535360
386974
434786
129407
114125
772180
51137
238902
109384
427702
301162
439813
767643
452047
208434
35785
285876
735534
269867
773442
242282
890718
855457
16851
443607
763771
886655
634225
393862
117745
123674
929222
504718
72664
572833
618843
844843
138174
371949
954226
80080
187315
908243
847723
153567
630882
883507
439442
880620
667578
212885
637106
72501
582546
653956
516107
860521
54817
664537
254384
172561
302415
697810
191484
375078
784847
324531
219921
923020
210684
688351
3100
397998
110800
365027
551564
741681
762739
991006
622301
430317
718095
259408
17023
300641
427568
533129
161162
482384
197666
929749
169150
14285
627559
360633
389362
412406
685163
609282
849630
410051
811838
852730
808048
922637
731961
359613
664318
494700
864823
800823
925017
97123
574435
942039
911967
516208
989372
73129
998591
701243
517083
681945
715527
144642
42578
104890
71253
241945
228376
920882
651995
40214
287817
974248
477055
19779
333861
141373
514478
712888
456401
953699
810010
545040
409943
721977
61248
399316
309310
574044
614763
826392
255989
330290
485239
812771
949383
70696
54716
691964
505782
220916
732177
793599
709368
723437
813377
43229
864809
842059
270321
835414
795759
594535
380455
205702
830716
955906
605017
140026
529950
219780
480623
300144
64275
480066
112915
13658
550761
681834
705621
56543
416954
952003
850141
126322
675440
177723
683754
54454
19783
954074
404073
815541
62814
298732
535447
893529
254638
654669
33556
298793
388653
28383
598936
452927
508448
226055
980789
573413
907888
200615
144160
839047
666822
508506
965368
856466
686228
35290
220215
117402
343402
549960
180216
642133
85408
73745
410975
740076
621504
223972
642933
649886
337112
95861
672538
563166
590854
245951
985259
305673
390111
824306
972495
412821
789674
343166
99049
953001
768290
833468
70404
111692
383428
250619
268029
983039
324363
193209
723115
460072
417180
366049
109958
754292
976113
296701
831662
81172
542651
331126
386844
446966
155432
359339
373991
459311
216710
473040
412312
984999
306508
996919
610896
204140
247538
393129
187180
86106
586337
424499
546177
3518
304752
170339
272014
795069
467039
103676
876240
523895
434802
263085
485065
104438
136628
859056
77953
353337
846300
4470
852541
152808
1389
977641
871151
763131
75845
849236
957107
997034
909617
960624
301786
79956
746842
611060
61200
850517
487300
585094
799523
264589
70159
418166
401217
929214
496118
268758
775514
14792
635503
442526
16181
613144
827882
293516
983914
400417
142752
941021
397451
566573
415850
213442
160733
162692
824501
221932
527413
311801
807025
841141
90595
391389
773511
491811
834807
783833
274773
124527
798625
910276
81257
32317
909138
622525
507334
309556
279481
962559
221211
846053
892613
434652
520990
569509
773357
742922
611127
599363
549947
966472
689957
455540
739983
695972
290348
523816
970744
414874
836645
881020
10335
679859
918645
919473
302384
425979
743233
96069
902743
478648
456326
309561
913300
977316
879070
200862
720238
4402
800224
784389
970873
490181
239930
225061
186153
44482
263081
671102
973559
99727
552122
983893
779585
470767
417571
596174
410951
160804
692242
827898
639452
148569
137459
66957
125885
530733
267818
846122
535134
582247
144716
20212
586632
898849
245272
772785
943330
508353
443887
916889
122284
510213
414988
901868
495185
832558
12247
906135
993362
704489
734033
147019
367262
385696
728179
493146
916429
510201
853472
965767
92448
998187
985979
193285
897037
745455
966069
354572
253808
924160
271462
376091
948577
686449
792164
443762
33212
804410
864101
540778
23104
598134
687796
390365
498035
930179
883510
928668
954585
251187
894435
561237
763579
394619
754521
660616
140075
234795
529392
908086
673159
315058
284178
621737
1507
590546
51358
394956
929600
89701
418060
41939
291702
808424
54178
221881
206140
982845
176466
457326
391486
737703
220905
786104
6429
395725
440383
241224
925117
348470
914382
240175
632647
536119
755886
223193
115823
304809
132353
559627
394509
550412
601565
686210
873041
655743
422296
79181
152793
49174
544278
364873
757411
330383
371302
667340
770765
126730
592457
119235
41112
832632
266086
91436
588518
3483
721462
407531
135836
281089
316244
200452
396858
516659
73493
566805
938954
666877
719598
566124
203384
263876
445202
474999
594258
330708
142339
879228
457437
249001
512667
12753
81633
778753
104188
184355
296440
825649
106090
432275
620942
422333
146932
17801
938991
220424
584605
392150
887301
304203
958274
604889
568079
403476
594092
676541
734183
736430
555769
705824
499635
582641
718576
581267
875598
336969
279826
172038
676822
385915
604313
297765
322453
265449
315565
261444
485872
900169
653594
887377
718577
126073
6471
286656
43753
600562
477401
777935
851197
547375
997963
350832
130016
716539
446304
5614
53508
240334
177651
730330
626249
296168
542299
462906
561616
857863
724349
561693
272237
892147
963274
990813
18220
969745
791673
61972
84512
269075
354111
935708
816449
352074
800745
460669
582818
247049
466282
150530
487382
158137
395064
627835
968509
937362
90741
44330
795225
329295
120227
581667
221442
83502
572480
239662
567451
364154
815837
166167
147433
169949
616080
963881
522022
416825
938754
619044
178078
919240
769574
179664
591581
164638
321704
560090
616205
926648
118625
411430
255943
238851
507301
991589
836556
79782
32431
958139
561292
598583
105572
731240
214663
583657
767467
145692
522411
386511
323769
955855
670289
17637
547436
834927
339340
621731
965336
780193
740355
376766
550340
493410
884067
541929
844171
478053
287384
762382
436192
848676
360965
541763
94121
89832
639624
861587
235523
676239
762303
73496
632094
432592
91133
179530
781723
944676
801260
747059
724869
541615
638030
275210
35026
36302
817138
393401
28559
618727
155783
464750
981607
30953
520717
75728
634988
674545
451520
870511
350784
728027
944006
982877
160619
549343
162407
456547
494020
963667
717810
733093
19487
870044
8303
568716
420550
339646
962116
449108
472577
632104
428062
454184
177261
462983
529911
812248
137528
495635
682759
488311
223662
140971
985392
898485
690313
147800
355032
698537
625671
587046
431631
645157
971295
439933
213874
906049
293783
690194
355158
766359
322298
297424
220543
499558
274612
264659
311807
412139
760293
508770
414655
983955
649740
914251
882440
854258
62051
751676
552795
201926
852926
984425
847083
338426
938563
575161
244476
746550
779559
113838
27115
101858
411261
761861
115620
200077
26520
427426
126421
301018
450401
541075
799177
100141
969530
681617
468603
545786
947497
535603
747711
314628
34233
108999
653054
972795
198364
897529
233551
977923
11367
260665
593985
936831
22526
709604
136909
563250
651235
263329
864267
101636
318608
177649
715980
288138
859265
184584
833923
320967
720186
581635
635594
754418
204838
802852
241419
403202
700381
989173
381125
225952
764042
975109
2062
198918
813896
864021
850152
77225
242493
951787
910036
420141
181973
712378
793610
880760
546302
628781
600946
642141
264376
869568
846978
581432
625191
764384
281814
614364
145509
507765
892610
634822
184753
193383
833740
512853
57404
198097
590077
814101
664089
14318
234242
846061
726696
542057
726821
787202
170838
841971
429343
949417
225744
790525
530850
850935
554910
812663
979503
214623
834632
872114
363650
533590
65497
711594
46443
637104
909690
150725
451205
573779
165042
199652
934044
405942
255913
660865
193144
426750
17041
622486
376168
242785
927216
421222
607924
996330
748089
101632
725157
582721
973745
88807
630515
553446
800400
191163
704755
710091
341887
670164
798074
21133
384020
732119
427075
639932
907188
620218
580887
438434
756909
471259
681218
198330
892480
803346
194660
640569
904977
919816
737494
392928
8624
368010
460578
323228
73377
165333
547523
415263
835497
859802
950599
733721
591921
377674
373654
13314
69631
451747
783210
940003
647169
981539
832483
450515
690403
473052
355493
610219
210546
748420
133047
92760
208998
970479
166136
888535
518002
95603
238237
377804
560407
971957
483929
452285
859815
11448
964381
328560
463194
261796
268563
110364
243335
615250
75083
933737
88302
430575
58162
813052
693199
705412
420016
416402
675891
100357
304937
193894
710163
57378
85902
270570
543539
569831
722855
403355
581278
201441
246119
558676
463237
514682
183244
220776
129932
258327
668718
732438
203106
726879
59695
410510
946495
479710
826911
622387
94271
646052
330485
804434
217634
416386
75004
761172
500421
312063
164527
595903
513504
410646
154580
976740
439532
852027
197516
83668
110354
380438
330310
827664
621521
390004
238174
568017
383919
579289
190404
478189
739545
35093
796827
957178
451478
386036
718350
466104
698098
882877
62007
211602
807727
730790
702546
761463
16008
359335
207376
794704
689645
549244
384
787417
984242
491976
880910
688850
484370
620455
238147
281197
577633
689624
667232
295984
669932
365331
693065
731939
91137
14997
976933
793683
776459
73956
207950
135794
281332
2654
339643
344780
933083
933496
646402
431530
425472
527312
120380
909841
147768
358526
191039
239605
562355
372475
49793
232287
252010
742857
478430
343147
757853
455364
136830
48517
43524
344779
698515
839059
861636
38158
183840
794720
971653
830241
226250
911330
357553
860834
821171
19525
733564
526414
259130
810123
413094
823126
556615
665103
565984
549249
8250
838041
518817
659283
886558
562341
518266
585073
401400
894107
137435
585239
688827
109089
929684
429281
534623
287238
804319
355794
820966
52089
396413
594300
376416
323711
417427
447235
988813
497615
996484
511268
335656
515301
684755
736418
77642
203022
835695
479042
97129
973130
578485
300160
596423
508170
243645
131046
309612
562169
1044
644782
128462
911660
239083
504877
235371
170714
952112
738389
668328
948596
249657
518188
978101
448616
254607
55744
651637
604506
48990
262970
91841
141679
77334
202468
164053
835183
847717
473664
397352
848761
118447
525813
274626
871733
544894
24202
42447
497006
762590
710774
959806
526451
228962
937908
975066
997772
507856
140909
116484
71050
403878
208324
212728
995416
410792
376781
830599
258509
364649
227951
621474
997299
267968
410305
383237
812861
434506
425683
824072
197096
650661
783878
723546
393828
235991
698612
905804
743846
839520
22288
814895
757603
744816
541828
753019
155608
918608
583618
928320
797461
325773
64000
794761
107945
474304
177998
435010
908809
117886
773286
105905
282751
557165
343655
190783
307360
42267
96588
565411
395992
98523
153595
377895
436338
420818
47707
869150
518640
976027
180817
358617
554231
975577
980765
28535
667779
415775
451548
299869
189062
557452
96825
260431
415311
287607
81995
971781
384194
647405
367773
17274
541916
35572
909372
492458
970593
957079
361609
489233
447311
542425
362054
1542
32207
342819
30076
214190
272799
481623
28264
461860
553279
125088
236495
482794
412694
318489
454575
311093
480099
336553
842570
22015
886328
751942
28677
856922
223226
390285
860359
670536
446914
736618
672077
993324
79437
216357
721719
866439
212184
749982
842503
279667
875069
78998
762460
801967
911691
217036
627264
391790
553588
469834
928008
439916
735981
956684
811042
959206
861174
671402
629743
822292
408020
816024
329822
1661
546586
51541
868100
758769
801522
710603
38437
190796
303806
800896
506967
215497
532136
134232
121491
85724
604065
49499
39845
854250
520387
850886
813457
895765
36493
957404
232263
958716
287633
562084
960377
834218
613624
342682
107193
929350
53285
145629
120146
357090
460729
627112
86791
992865
761343
208281
592793
879613
771983
146842
733863
806575
511933
61525
216545
548425
18929
448807
507142
306562
10891
981723
654984
138719
324405
762176
68069
891893
422009
188214
763188
882738
329531
364183
389808
605078
572464
496805
484691
858651
643647
732759
179431
155580
794283
395976
218209
327417
358987
239555
148183
369878
221278
803166
508596
59887
79548
576665
465985
501556
279083
229173
898498
122818
593355
802510
727896
680023
299316
726791
52880
457167
973754
746514
126951
768038
142490
345159
609659
501477
98919
757841
385559
834400
75212
408359
894287
668963
499228
874476
170520
778311
103649
583222
901128
211208
385733
143229
405436
199253
870020
972519
170624
843774
719033
297574
126017
375728
156937
249880
877204
255855
521925
776967
90256
597137
185326
498747
266100
684554
373223
950823
977069
991075
48251
392402
716487
948187
535631
636127
147440
919855
608646
832267
277834
841884
129841
918055
217612
800981
167935
609020
56837
689860
385987
661296
801201
571312
160043
581505
770070
47470
46534
747139
38545
94784
139542
269236
42971
189377
905363
704614
623436
28214
536881
901269
870097
180926
333529
87709
981906
501464
210933
552947
705528
596919
214243
20934
682436
888489
602438
452506
450163
648971
199646
2912
257959
853391
272148
300929
42768
177511
5543
666203
719928
542423
81677
590026
723348
415206
191939
705255
430874
402872
772406
650606
513995
986649
185744
196431
389343
788181
648937
839506
951357
362787
842417
209316
216178
114565
24450
773149
806279
29992
953556
40413
86620
549437
630438
809967
964642
336581
29427
909720
253657
801833
74531
767652
302687
260274
964082
206234
562660
613019
45740
28222
490010
402362
751741
706187
31131
776190
993540
351615
806182
947096
392027
407006
496534
536669
731177
975380
387454
760604
399306
641111
76642
473836
408763
893532
248315
887049
99766
810974
500069
659710
839195
990078
576276
105141
210471
607406
881331
204011
473225
201718
665312
865251
608723
161846
916124
339900
651430
303579
614708
50736
944689
691349
38777
867656
99086
801295
754705
713056
612269
768978
886970
965668
273262
977450
70809
483732
99061
466344
201947
572286
668061
867258
951741
276784
543308
867866
616684
708943
171445
231392
759678
630338
436946
312659
497994
50236
113954
252699
277496
240427
21678
164466
720299
294939
141916
305313
292875
240977
771656
494821
327467
439718
876284
279208
716501
933796
661278
847389
642739
832722
592986
916622
977264
544136
229281
475258
594371
857439
242162
386072
97866
778043
550537
332370
587186
206658
637682
880060
961838
409338
889085
289305
363260
279574
82717
79762
213371
743995
441355
370314
90922
34341
286936
68187
92681
30422
57649
687052
887860
814014
587328
499930
592057
137865
346504
179243
858726
984185
573507
334769
907728
976797
624073
270988
256371
220995
864953
983945
964989
306309
354260
55911
854853
641195
638301
947534
671616
210155
148791
73681
24169
736118
87816
130431
388187
434319
823877
761118
932709
397385
95887
840437
888386
234165
111425
144757
455159
976378
128703
934352
796891
997166
990262
651744
638361
142769
113483
824182
352923
262273
412067
891295
512595
14087
21726
900782
448406
845603
661900
895319
757192
757786
735756
645578
991950
361385
304539
961313
851967
947445
895665
648858
944611
400133
814807
97178
542901
928289
921359
410028
190563
847630
301323
217362
861717
837253
118144
824327
197061
294248
719646
954252
52035
455402
114035
558189
330991
418573
519503
182959
880223
929372
346021
824834
329505
160828
436216
386610
89118
871779
796637
793884
719410
612165
11246
95332
963622
643594
919658
160683
937841
639304
629139
989875
608910
743173
62270
939900
675950
95977
637063
70378
25349
983084
895212
354854
143912
845632
255668
747233
717412
566510
541117
436822
178675
66568
532153
656501
710161
451811
817183
162207
605319
446322
152083
728433
703699
728556
182538
893853
824532
819601
964231
364085
802685
373648
233143
460801
219280
488811
722239
936691
55321
777560
887717
748199
844127
934074
404700
68493
900089
736087
230700
505408
182409
896986
748045
400312
625542
930583
808369
964278
750184
772600
842567
67074
660452
75711
42079
879732
564521
764317
330628
134046
541878
732550
396449
386005
666624
801148
968702
566714
537235
199402
586326
233848
610592
334372
148364
750338
264955
956732
228821
529343
243538
71388
596416
903989
147098
638494
297926
225823
917016
142759
874072
458894
875308
270521
359103
56137
585873
327805
137055
123108
41411
723381
871159
166207
571957
533727
916544
836911
490460
145365
880458
248202
216753
476874
152191
878054
629572
964321
103878
60793
107080
492154
519686
496592
762675
392994
552728
348548
720798
689783
985860
276414
927368
371224
442620
499325
904951
359165
850440
909615
18734
730898
157817
749690
721976
824211
627745
865752
788532
245827
926545
409816
737980
960435
906407
500655
353429
973340
363408
588432
663123
349268
379050
104696
720491
821669
604020
139647
695038
968664
49262
227977
699562
207078
977666
935742
545494
605411
801494
334026
851237
242244
743842
589218
716884
164454
604077
70313
137794
967484
172949
315121
316752
551998
419816
551448
373668
23836
691094
582910
992499
740356
810886
206266
461638
788553
142008
521336
393964
457707
855362
759406
214155
113409
862828
931038
277862
466905
515556
929860
948594
688504
244981
265346
754707
664797
330998
642579
202837
22093
225489
195337
276653
550580
915806
252495
339133
572019
773831
247301
543930
143398
520911
758084
771010
383739
203328
48872
850644
718883
492936
799238
921591
737917
578788
676298
402714
423991
833081
605550
960287
58571
315091
236940
123355
230898
3639
462487
317121
777469
223992
861050
435071
259108
619134
206081
642846
336666
769157
7695
569753
262093
321137
491345
10
414130
681847
916927
838120
514929
36683
798407
87704
351773
549551
211058
96875
553189
187749
413995
844863
925944
275045
279934
185052
408384
220
47504
769376
349797
314803
545673
670934
320352
545683
85064
2199
976814
923183
31332
13497
235795
633239
365270
785345
358501
976348
338534
546249
390344
697601
986398
665388
491740
171450
73772
491959
513552
818821
775539
863349
647828
321212
534283
968179
381099
133551
484582
357914
56734
515914
371410
292528
663357
250884
77873
21859
227233
930610
82312
131781
142417
68710
797168
634156
240160
385145
640319
753711
718170
415858
131265
365998
737069
665547
334177
632373
799097
818758
990286
370035
848876
875900
176767
512234
640989
768843
48297
382426
699454
130608
514206
841870
199318
825578
990230
953681
210723
630549
221597
443097
46407
352862
809094
297680
532613
143271
930052
331711
476234
434543
215950
325110
824648
392717
351548
979841
161560
914048
362267
375218
44657
390677
731292
758178
216255
721522
711859
941182
866275
933455
384279
426886
800521
707578
238771
333135
850848
683027
179050
841286
117571
394999
680601
456423
301920
32149
436264
463480
460402
798530
352902
505058
189207
598399
777440
919665
834125
3504
860847
700401
451163
759331
641491
251685
466909
880261
584819
831961
563289
763868
673248
195064
673071
353849
165691
974991
900201
601954
952675
360603
914688
819781
379865
618099
418180
671509
537764
252306
675012
912816
466911
126176
672147
108402
892064
653260
988663
476883
485221
66157
754955
672673
261220
942230
26522
426910
917221
440928
543068
384101
315735
457756
718087
209805
590059
136267
881313
127823
388572
70531
554843
855482
196706
741194
478089
88770
394454
466752
79857
393880
47113
349016
66553
308332
291246
607279
249446
722672
562411
306718
106773
878145
764473
339064
602154
354532
475331
483468
996558
378107
553998
65607
747794
264908
806800
225883
867881
715459
206839
947737
109339
253951
810957
690095
76487
102203
297374
840136
824874
859784
146854
445852
252135
425531
784915
854288
294267
774450
851960
805029
152558
920162
870635
414556
185070
677436
640438
567155
392895
361481
29097
16438
615431
840053
706532
691917
942256
3907
46258
281335
5785
727186
630029
132846
512102
998522
427112
800756
850482
232141
953313
284850
102777
367869
984123
294417
522511
551279
201516
883991
580375
217953
13627
934633
924484
219748
876889
442595
266005
158224
334695
973319
399615
478928
106165
425921
477450
533276
226677
842137
279622
694195
126987
896602
576268
111110
191019
98780
176593
906738
496975
271173
638895
24807
205806
77584
244554
596899
520179
510559
755122
369078
998082
668941
848005
104248
94862
325456
151728
321539
681797
431349
529938
808783
327951
106206
434097
33174
719189
610690
454116
216165
396067
93011
240971
601872
170595
999728
198771
204978
24492
468097
574055
22575
137039
422060
126822
746104
261720
278549
581847
943516
224103
111785
266504
66258
217991
700601
613636
937179
825495
67752
667548
221562
160763
422723
337638
845561
422452
536408
50539
961147
4505
624593
983721
655747
46653
624747
401852
822577
903296
983698
766093
641603
95484
32598
707860
827678
247403
321496
764857
587102
903452
432406
808663
578419
369333
660505
423980
791784
196913
474518
752932
715621
613315
250858
371369
174172
875605
287425
996748
293106
785327
762842
934708
880810
309644
156773
708488
557046
992473
987550
658352
895925
934160
467015
474344
303493
127520
898323
609482
838636
887045
876618
554257
500360
127476
439830
188736
517285
241459
185485
810390
26787
462531
259303
907596
772174
930280
130290
843424
922753
632044
501776
332883
566204
482995
807226
383901
124719
219754
993382
963354
621003
384205
31816
635567
511681
985850
824302
543170
227309
523991
867765
254095
986521
641272
675896
272900
571552
320390
116324
8510
952433
54157
32842
615298
662822
416742
740016
396780
924329
217575
17783
308534
763595
167554
820214
263650
991856
877589
490958
515847
745354
259258
16574
386626
449358
289473
472383
283952
405797
480892
750589
538100
336489
783430
667603
999310
200172
921823
910295
124501
139399
928077
433035
417198
95632
767453
680847
601692
159247
686009
631743
904600
459471
648316
805431
423033
937789
277814
706984
857790
272910
457573
395890
55108
577697
122914
955379
499521
33209
594084
153124
475490
541323
570321
85326
822981
765372
201222
982227
965585
832965
401033
425057
481281
206464
848089
419070
998481
555074
276860
271391
526851
186955
394994
282059
764651
517907
237438
264172
65320
831521
417295
55014
11635
140340
710030
781396
341561
692257
746982
174526
93290
172039
170012
813957
534332
589081
812438
603610
380146
83830
130462
567100
993027
412520
331751
510934
164162
110128
90458
509887
41627
145471
396936
543447
285810
106966
324843
141576
313428
71825
830305
920921
758067
317
734879
806604
589398
61522
410214
969543
145351
54880
50848
138378
467399
896802
163516
631560
6930
253973
655652
562761
399444
52588
106208
199458
673758
945254
855237
987185
531284
685543
908106
803555
685859
157190
610159
789461
218712
20374
273209
878266
75253
324056
530849
56857
220859
208569
202621
741992
462542
858272
304753
376190
910860
925164
89852
584618
870419
945089
86008
915907
630632
508318
719462
316491
665508
329622
105953
398424
864199
893365
790894
453656
217422
321743
24717
952484
530312
227338
208681
507058
599814
27639
883247
510674
952802
487303
609496
337426
432392
209708
253333
63024
718026
487000
893719
897738
816621
513876
810366
195025
407241
601260
648680
138867
923003
673397
91351
967519
414939
814236
474577
14753
841874
872028
39632
794676
359331
163332
646307
305928
373040
899639
883155
605270
900843
291079
503008
231669
804954
827578
426693
726400
428838
589578
865266
866045
777179
470822
347769
192118
285058
822345
721074
126932
208578
760705
435812
82114
924037
82119
902245
811281
495963
785400
416551
396806
76480
433763
628475
395638
261341
569372
122038
204383
158950
501509
584633
936128
486535
932401
642450
771592
268952
363525
412728
477529
638434
362744
73847
76676
959067
976091
887956
455030
761492
818711
366040
352176
252474
508719
747813
28019
78092
869851
232402
751245
885564
817034
201579
372099
263640
844028
657895
532591
721757
70623
524325
360192
947570
51359
906637
88468
839028
361667
364164
657739
241912
716339
424418
750630
464152
452436
342926
848207
199042
94172
733771
530280
295750
105870
793920
653982
763764
326511
375740
348591
365040
250136
296162
477416
201207
717003
565883
40235
48467
212179
834786
160590
636596
99621
138946
603236
442547
501358
802278
536718
749333
332558
346672
369408
126478
654
647376
967193
376393
995967
332233
140733
806333
809648
341940
523336
889735
896378
116211
333986
622761
465201
8780
259357
564822
661930
376798
521573
163288
179076
572495
426825
25838
919166
796232
152316
919819
443609
633713
810417
439576
480150
465354
760113
804003
321498
797653
693738
217877
428069
60245
893269
64913
128404
972295
726842
505201
493868
404334
684276
66363
345364
710113
985528
141596
376633
419553
585204
524550
744174
538984
4701
209528
813301
322908
531026
610955
68644
39024
72779
617948
446497
651896
746351
418793
892942
765756
426865
297277
450032
7433
642640
674350
507165
298440
565187
926717
883644
89738
670891
936832
608642
394624
750134
931549
925649
361089
462399
188756
59409
320908
360813
701278
581464
293810
594220
347220
234880
405701
311457
242312
562545
500011
749476
860985
65198
190399
258834
669139
861289
195666
277781
770117
945799
723534
695766
821092
700138
398726
735408
749520
233839
610426
965002
815302
418440
73427
676726
653319
479128
988182
895630
555877
488193
159312
416862
67596
349710
189900
736734
725203
385566
528720
495321
845569
252254
705291
180867
952391
618222
430479
216116
852060
40905
695322
181567
973549
768749
858292
141073
247877
360680
550908
317958
363077
710219
734820
430672
59929
438924
681611
299336
824489
210331
794656
184264
976788
14153
365130
443385
632374
795608
659500
998638
350718
869027
694409
324267
637776
66906
465339
399857
427585
16247
717814
304867
240670
966838
735538
814802
405763
417149
114139
744456
141684
422999
928719
118473
437151
808053
561857
583729
117867
735561
582367
468584
604588
790980
307055
756568
857886
286598
156425
285471
817049
874239
590337
57719
355282
840080
872521
275249
771433
500864
19706
427322
923862
462629
545794
875218
784887
621855
458947
902753
357416
555519
371337
476209
346499
678391
232777
204385
479193
389202
4061
296242
777645
108602
868165
647131
462886
254891
922380
748524
755754
456290
175846
193821
918918
235844
69039
703805
857698
527986
606558
729318
597709
492099
205527
458412
684694
952508
177002
163888
341710
695266
974333
633559
803867
842498
794894
780958
97389
717274
529482
853142
173564
219532
46964
606687
455375
630206
310492
313073
672396
431255
556595
270105
437558
762122
728517
122253
714630
419723
800344
570544
114989
774677
718307
918855
617176
513201
214018
714564
744680
257704
81912
918243
477235
643079
524930
446814
273285
349627
274091
945681
295086
830686
729990
732643
592808
458507
369100
821642
878229
169444
906390
507422
944121
138902
426278
561297
652102
154500
790065
396782
412204
871976
829230
403643
29260
868364
850457
302545
732195
124548
248226
27281
955233
492420
274129
62246
950927
643228
398092
343361
326877
818686
850783
270998
957587
791265
27154
459969
650768
34881
872172
522745
864110
790020
552004
246680
640477
368753
978874
279229
131183
520360
748667
623603
308693
325117
88735
466125
237414
946299
793001
56100
311287
578203
13688
102552
924701
137582
76726
575470
172462
463102
612419
550777
253122
678627
311661
407803
47381
290535
687032
692767
325099
949903
316370
633791
275020
405104
99917
512433
351404
892917
82738
662690
471121
96425
279447
910026
748210
356172
999700
434876
333478
126324
499857
586600
804951
811517
994402
366536
102053
195639
59303
941355
145542
375673
575147
934766
294981
189268
961403
160589
82185
44141
337484
67510
654769
616930
491741
402979
487306
491441
837855
820783
617765
337712
921587
936920
663434
915990
303456
279691
111629
876962
221046
771375
766839
310397
220346
61821
499664
181749
736613
96054
225890
74097
163563
880658
205231
655303
797842
692536
660949
635697
27525
792918
487613
949111
729838
151047
379306
547498
430737
5140
424460
165988
290719
705504
476384
511064
767324
976048
692812
18142
72102
432906
92239
749868
313565
297469
919376
111407
504210
94530
261308
45939
887447
263125
509254
617285
928376
888560
164783
873317
407904
103447
39305
698622
808950
29894
209686
90479
520146
416702
108621
592247
849608
715063
856319
677377
12532
775695
302988
30946
870224
564295
76884
271876
341624
586138
889160
270000
988902
568147
657522
89609
211031
609632
994748
240924
333522
85228
761069
750223
708052
867520
114036
423115
723840
791412
949850
13740
94400
980796
398169
172899
571884
670044
28728
158022
73410
812931
661128
641556
470453
57934
827354
681484
181770
336308
922407
515291
935739
197682
779719
643791
65202
893754
581110
303246
199372
45165
831190
293771
25961
229359
980874
597845
413607
9602
270071
487016
336737
931199
642777
807190
503337
984335
2879
199312
320643
439490
714602
256382
637171
8526
414377
216578
902280
995486
519823
101652
40652
351013
909626
580816
94576
404705
692865
508183
928510
477141
509403
265248
922544
152180
586642
940085
136516
589520
139397
457158
29010
368204
227745
180386
376729
642121
396963
793213
151813
430990
894864
706668
782003
318696
287484
390783
237605
494554
413170
680320
971694
922573
945567
408443
588957
46414
348528
725472
635933
487925
696835
179147
856128
924579
359532
232857
80905
270699
26071
232717
701689
435139
939384
997896
268039
741073
388679
19849
235627
801849
700168
721525
238627
159940
129968
827583
206353
992699
553056
356490
480624
764095
535636
850956
202879
409373
598018
283783
680071
138293
516500
895964
87636
970088
893860
355675
711161
796744
889727
460992
598593
589895
182517
837219
749834
826688
179007
470391
819388
732062
826880
814216
10362
876720
179378
213240
800297
777395
11228
994573
915687
41932
890537
3323
12020
298603
873201
723181
95347
99670
693939
867027
880894
45363
131066
221787
738573
601456
555379
984840
942540
883800
995201
333466
63178
722646
133763
840572
733873
128336
270464
290009
533078
787990
302028
831680
175397
539413
927026
938324
237791
135170
319557
632889
694736
450622
368880
433309
566283
438464
418149
508823
322264
927555
356493
899645
650201
490256
254422
898278
132796
524885
188287
180078
312875
4519
11758
488271
58137
452988
940800
810131
588157
774561
443020
797097
225183
326104
230407
791465
764567
162760
814493
86831
90315
170986
986475
254720
175446
240897
152998
308242
279986
855488
488319
107066
374212
14282
109541
432348
467269
564545
242479
569631
339106
199703
366728
564289
525806
111339
869958
804578
788303
198656
891408
392822
369642
392089
647542
59292
147190
314744
367533
427176
684437
370057
48446
58649
898542
157986
5201
365811
722531
761883
449646
61637
961585
330579
140130
1596
441917
524293
806173
744424
722948
211787
137247
606794
118080
784788
666086
265269
613736
547823
206649
298173
432084
255094
356821
330626
927284
20238
649815
638108
660287
225656
113898
990865
879990
115494
946987
404283
435871
205616
127231
161862
342862
734025
794145
641854
914315
573619
255591
462138
780267
67968
408427
549566
938993
739052
991054
815218
463898
155074
453327
96687
567224
629255
774923
196922
90447
179206
632793
810267
820641
308859
153129
68871
103005
309188
983185
676623
78983
959527
971094
146950
367954
34865
85943
621211
540123
901161
85109
695196
868692
723498
590130
435916
866958
365053
632838
471609
58464
779835
281876
879104
602898
949209
462179
705902
258397
445364
896729
337379
919095
382029
998532
287050
931097
84476
908260
471221
499841
993368
166417
368533
231072
270751
804448
98030
150009
951490
569638
208472
245530
851514
601780
848428
800723
63959
68535
573324
23527
479469
424907
942621
861497
423439
229671
792594
22119
652135
778019
521959
159709
458641
890491
390780
729391
209145
488809
879399
674839
11405
920369
938369
203855
768797
253297
782017
351536
826620
805543
831004
251527
748165
206706
189171
492040
999300
211289
144176
291524
247453
818088
750164
652148
208868
479556
861292
211881
873159
50337
298736
475235
970705
237106
193294
253707
490402
489516
605242
831227
295059
950451
596958
557428
157157
786128
563673
156457
511622
707848
447981
759074
525936
712349
925426
249008
191905
300924
975092
65065
351260
273828
54504
321965
510933
762001
89876
515540
251517
695117
346767
60781
159773
943724
132413
316930
244058
696085
473386
755679
403933
435571
28958
444073
662125
954383
207285
854029
255307
182377
433298
120771
456205
2006
956939
481342
764007
46815
996881
529728
256137
343648
590508
415909
801577
722921
732838
45635
933210
720429
315518
851348
670204
858679
295421
332329
327267
16911
700563
96779
199287
133861
217549
169696
650071
174489
651038
414078
221303
647919
458010
991643
505772
562723
407553
307349
799848
654595
867187
733058
375024
182705
584406
45229
555588
394032
891761
882854
410942
592324
979632
124433
726185
711386
808333
890460
885874
459371
304538
621381
621494
276752
127230
127266
839474
534782
948818
639322
17507
886585
78606
998709
470991
123834
554297
865022
15595
951356
790168
607919
930988
428806
848308
156579
237139
738768
42453
696509
557510
178039
832207
348466
305268
959473
187941
354254
908291
341467
57835
238502
228052
136440
237211
699043
260273
305713
78270
790072
257069
868438
912195
702261
297244
274708
858840
48587
527680
415497
745095
599394
107740
91507
947859
927211
565184
650004
281465
987680
991471
339300
226182
219523
475739
977596
432770
250217
283309
25245
554493
54582
893682
466688
271048
705130
255600
644092
753716
783279
573793
13016
99773
618726
844736
122949
183911
8946
918618
171591
417
257918
397772
734143
247861
889572
681118
12282
172882
706362
566774
741667
114249
547666
12715
333583
317470
171011
87299
614953
744804
614518
511830
940541
233244
870771
63490
931358
879716
982107
102949
394337
754229
14925
642684
516295
904497
323802
528576
591583
30164
609555
333250
658616
671425
860169
992198
988895
31180
593701
603848
290188
208219
115679
230729
955667
986449
808423
887025
380370
790530
504179
288911
58965
519103
931594
575259
937804
255397
618039
529387
799764
741798
376842
458381
413224
751215
964783
402119
782394
558485
5967
72583
766703
121645
817515
236575
622298
625938
637805
516872
930673
141984
805782
989637
175291
737377
79101
113096
506978
211344
156687
820946
953142
47733
793531
366366
798947
758315
768484
95547
316800
82753
597707
410300
499848
834282
546802
125787
472087
577879
56460
128275
383661
560301
303565
635242
639401
930864
656424
850744
601756
477371
803886
649488
270902
684456
962640
29217
452940
58187
346016
741595
740519
943723
151895
240367
292210
212901
880357
278501
790779
936816
406775
688645
11322
710339
323887
164927
641204
494516
529876
757164
971886
847966
406652
756992
532423
369292
786209
985362
941682
646429
726957
682201
104357
393056
436773
396566
605957
317130
675066
910940
768151
596045
599585
779472
306385
437677
944399
461793
932192
988479
218957
904078
836445
139813
175275
368868
23310
961483
354231
964991
122118
595392
161398
226474
988448
598170
137245
594405
429504
326515
19550
197655
922560
619135
491332
743149
56812
949935
204942
989003
938414
938102
407286
774859
592119
582560
143728
615428
58249
12163
94625
180366
607554
256022
921043
596002
368396
572492
704611
797899
899007
724161
509759
335772
343296
1091
78921
914311
465230
798066
417519
403644
736168
824804
178503
842491
921568
836434
457920
494021
848596
66749
188591
456151
322770
109635
566357
205370
196331
270969
3269
95338
509334
513027
945313
366834
28322
24234
281145
493551
822299
698663
411399
72672
37672
589902
429368
473444
940540
887287
481670
789137
954035
670260
245288
791009
294099
811644
996378
490430
596817
513851
99972
106151
541083
45286
472984
569404
69519
268333
577160
406023
966995
988558
992898
518871
92665
422266
506520
33206
823757
988189
822342
291997
658449
581834
83006
952548
907682
593588
957182
504500
107440
57154
124855
648522
616643
597839
732130
686162
866171
309290
606389
347372
812053
113492
380447
904717
535758
886966
452127
873719
389360
274469
165717
47810
370507
248722
514562
278190
356515
985948
296894
463954
43102
421748
112476
659745
533791
844605
860111
399963
87958
261539
480153
94196
156190
899074
144158
43157
351202
17878
946720
139875
697798
994529
510382
460724
23296
302776
817238
9244
599669
281192
566550
535621
907871
226295
69413
266682
600610
983579
934781
581314
245118
929138
189714
915511
828212
333872
472872
693618
865953
419593
833493
563751
414122
858079
24475
951622
675059
841713
960865
274728
637109
527415
324553
544981
267914
393965
811662
868523
377544
260648
964041
136866
189786
667960
52378
17998
516036
525249
225821
381989
944841
59314
459944
873168
431597
998622
824790
106656
840335
785655
895587
991649
827275
220140
536630
95189
614105
83762
991648
123144
956162
642719
312929
624122
695096
845130
140158
220345
70951
36351
679391
644468
496294
552559
76065
494917
891553
182720
849456
677208
78307
355310
18688
298447
891939
113877
426756
754435
591793
932608
877578
547955
575327
704711
686282
270423
549842
826439
4973
134997
862790
684363
779465
873288
751126
855529
882409
642679
552454
246071
834091
630760
601380
852779
443411
7525
480860
870166
276164
586857
316980
667947
134812
892306
372658
335298
676934
436704
161738
681906
571701
538732
880473
351166
926224
145804
206695
322839
76156
568909
136778
904113
684493
503761
861728
692017
984620
731895
968181
571477
563079
150333
220494
455385
522990
555791
132319
959694
717528
328429
531395
770464
723106
882560
696689
383114
603459
19528
685800
876812
102641
336783
295130
787133
840543
156858
993355
825164
402957
475741
910845
966035
626073
131339
935625
149063
687130
67944
622961
918862
910577
154356
203532
147888
551120
414425
45207
668784
948156
731006
59801
50797
67789
354930
352134
422537
511787
345489
761905
428949
335434
672750
394984
961506
804089
330609
624774
5424
912757
761939
924285
337539
916295
642021
999630
981619
56446
44837
164608
4602
38918
569602
357836
93542
921736
780372
119534
781429
56482
548482
116864
729232
943465
592574
533321
788279
731552
538744
215241
493492
977233
552779
923991
133460
552409
419815
189905
597246
98628
194507
887293
323035
764108
759333
930781
200049
53911
50315
981478
110392
598796
612546
839623
56466
719324
887148
358949
965081
940096
574189
972777
431535
126968
410973
564994
193582
830787
754898
305032
929414
463609
192325
766654
741922
465862
697435
941970
519772
261954
437653
144369
860749
564403
983991
431419
797932
871140
790368
277218
325441
364557
249995
756975
5730
660967
321969
199311
5959
76868
504342
449578
54681
210871
730436
796602
190937
942075
252778
710709
204029
204635
855077
578982
283243
353273
10401
81175
738617
314973
872596
64059
193735
122591
821033
199464
297762
143003
398774
303720
734074
417320
267502
788754
142395
997937
99562
333331
940012
866543
558244
658245
71178
927525
237227
868624
280799
761832
464003
19416
591009
336599
83474
784743
459189
418712
984206
756950
561714
897184
574875
295788
828708
842376
598746
971102
354519
698307
818638
294531
564850
376882
952776
150233
304408
704207
18857
99411
980243
482860
633030
571253
819458
716504
355996
792852
135216
854407
64007
211134
265796
638881
21126
94505
995462
619871
579811
349981
318179
398449
158716
397233
289536
625696
547465
108148
329904
566322
721762
824351
563386
354792
395604
382844
585500
265805
689900
234920
634416
753907
446053
900211
906992
467178
994715
902454
87050
574527
766639
919432
487180
925355
316665
290920
551051
378335
913271
395159
944656
635033
219511
22247
989825
129319
919294
575325
395123
609195
810245
29539
877306
770502
929750
784298
237681
438670
200958
838934
13197
967596
272571
14582
892951
103440
305501
958207
481774
218773
353366
940634
77417
962880
357835
702195
882175
447365
97318
5575
771814
641061
882880
542316
85016
181383
294201
523685
382340
647339
51087
864141
919909
65668
271297
23350
885372
229504
19328
618349
582870
959962
986359
155746
437047
858398
857940
319222
305763
469463
839000
77577
624728
236085
134098
709743
417468
428298
233428
314012
75638
798718
692357
509751
378590
963654
47305
263963
193158
66633
396516
290232
540799
382875
445978
977845
241274
818122
811272
61241
801789
650272
653022
426517
400562
787119
650464
818029
215417
398097
646245
805258
196815
338603
315010
575405
302257
876518
839367
9619
457355
750087
299851
998153
132963
260033
490204
888440
78155
301476
463885
879944
465952
116907
820665
866513
904025
471130
198747
119443
869226
844992
438905
66041
183595
268119
155650
56
144638
509221
9674
601992
259309
823728
114351
906475
83761
604554
794915
161916
420234
773004
556064
400390
889911
890933
781108
793936
362063
979854
427583
745493
339051
380693
325739
36850
648811
481388
36905
307653
990609
560783
909645
249918
384511
538200
156393
468272
656958
465512
144392
77192
238516
214660
991785
642631
105593
772893
436568
981860
266953
378355
727353
606003
759047
53092
157058
407859
48685
193962
715511
39294
268949
139361
803415
653460
191765
959807
635936
848722
939523
780327
440118
692243
509191
431904
334875
614783
719001
771442
596643
985953
664001
323997
106162
423049
891292
263219
345112
454181
971384
574827
493474
36864
811093
407998
420157
285105
558138
783084
224628
338465
223202
916871
361860
169310
251746
976642
888311
537392
573286
874264
201393
411487
980425
138646
816983
243644
997961
271165
729233
86994
278843
969566
315386
89937
377564
249747
375041
935701
32831
113874
788370
770237
544949
150230
939546
796694
641076
342062
848290
728566
730531
563887
140053
225161
216738
471241
983009
214699
256610
712242
815896
535452
681808
131282
139593
573576
895233
28839
23482
442268
656916
326056
212505
201865
990489
666256
512763
631565
8318
361053
360132
253053
439144
14389
478214
655881
999833
461223
384785
256443
173465
200681
791895
855272
846167
445692
943052
255605
474530
966533
697872
131446
806793
910377
847514
797282
90838
360277
943051
613359
235534
817387
866412
674678
831776
344626
844763
345814
805848
743752
602257
493517
944433
908356
862993
304805
354048
806045
560409
342783
286783
772485
988432
93576
682862
350152
405062
287904
710428
348113
901263
460167
165501
281880
649049
511481
626505
493812
857294
946557
237565
973755
440074
696202
17369
515211
750364
623316
589824
607351
910098
362309
595783
517878
559376
945934
922939
847279
170568
271052
262747
630734
950756
544626
793987
976441
685335
287799
347941
146097
39568
321696
100375
249974
203808
917645
279389
468376
540961
383417
75727
965263
745726
185714
483141
819306
645853
406080
180790
816420
191337
957741
961358
656297
502367
755345
632739
701907
557348
980679
848003
111121
816579
948378
875298
20387
866023
154688
2967
406985
538104
78693
886452
798034
264407
369594
131545
910259
289878
312335
240884
995418
270076
202242
165921
286647
471791
798659
988553
29139
293543
836557
654463
110122
299140
529762
644713
165163
198654
647679
86352
250962
240577
972804
563201
504983
856602
694745
929446
660684
521284
170330
656103
791359
886775
336228
592211
358566
134887
580764
901908
942633
931525
70577
566959
744869
600338
725876
424237
313196
887760
510588
564157
128337
997596
48254
368403
83891
29088
857591
247299
199395
163156
648278
535622
755366
521048
184713
850334
937160
641550
296065
7737
722713
40934
122279
448590
465170
435474
336350
489963
999631
978890
487559
641193
126414
370167
977500
203383
399254
349297
964885
112853
512452
613163
162679
49060
861595
632356
585575
503145
928420
593312
740062
969354
715590
188652
434524
151065
39206
924486
664900
18096
926250
306093
144509
296417
797798
862095
209875
661299
826980
836931
173751
954347
999609
955772
602762
375409
588128
188338
392758
516549
781649
132820
485903
11444
835676
434631
162508
874881
873322
341612
407182
313777
161910
551690
124398
959707
927990
848476
621006
754970
685407
308961
223523
199221
264733
826284
574629
852860
528826
967386
369409
824679
100206
369516
836123
935881
318352
512835
324968
705878
854447
732149
19655
16357
798043
144052
490268
726033
506732
625478
995208
192139
448643
732935
391359
713375
73424
480192
80440
602250
447578
964053
941133
61988
847773
291461
512074
166125
804296
351246
872002
172948
597599
405861
703508
395642
64117
707980
635880
570848
847662
145293
762986
296305
878227
668549
523884
951650
148741
604323
68105
110523
568376
9239
686715
416150
300699
712993
96479
619199
64239
482686
792146
176042
888546
9859
571683
952663
717838
721767
523511
79705
867059
800702
376009
745286
983455
899892
211142
132197
18421
279246
756923
101001
802688
957842
31355
617592
185040
127834
236791
763482
610519
543142
18877
553000
511207
965932
785043
747178
3649
864747
614238
318555
754961
873728
302010
654853
599074
948410
187478
392525
705334
288479
195213
177381
319833
72774
961870
563800
125903
86594
106942
65427
99864
174146
85639
959188
838015
97853
338141
966457
416407
93102
354391
718417
262159
953464
181032
449637
345989
886365
252320
55407
577951
572152
868210
940371
534023
432010
580478
620616
53156
160109
234684
227302
250946
814684
700694
603166
912536
553039
83828
328944
160345
438218
561565
422504
391683
742596
386345
251876
143167
638664
307282
235322
210816
689697
689897
259043
635911
270375
393864
689067
944688
628547
430573
62540
645471
313004
869972
198511
911036
713120
358855
349254
788889
295563
255141
45690
681907
507017
188856
320571
328503
424177
45592
18200
628278
818838
654111
898653
212702
857382
843341
841249
287955
553179
798684
447630
380388
182861
646140
291424
410185
519200
154882
199074
328967
410023
244764
10875
431244
947823
845649
273951
886205
405445
292151
514483
224284
460466
927340
436985
832052
770681
792438
634211
838065
105328
81841
732657
288188
242186
538285
212578
761385
693166
6488
617393
656414
615430
562841
604238
975284
350997
4648
380729
157352
519130
605012
617817
446471
556202
964073
731356
348640
598284
83626
968171
680124
816282
770564
922309
868771
983141
197899
561938
394792
802455
693535
42808
770581
683853
907373
121578
688500
802307
15993
407319
410950
654100
963520
375023
899661
826365
973306
983286
794536
653430
799569
565100
89945
668340
548241
802047
744482
943033
604502
952222
22649
38056
706501
472374
358585
395001
274681
637513
602630
196205
48463
770935
673929
937689
670596
500294
910995
653882
294831
78630
967655
374135
168574
150201
436581
970621
408887
893818
89328
361109
916466
654328
598116
622967
126703
956700
17968
401383
108418
134802
111792
671084
905736
785721
608773
90537
286015
519768
258624
95050
112603
226279
983389
281176
890683
419970
766001
813775
313788
369534
689088
230254
23862
287205
853220
664768
758109
385392
580356
380732
884
51816
425930
477868
174794
30671
278088
694561
289294
887341
321368
29778
870730
116749
434665
290700
882749
248440
118692
766487
937528
348945
304554
738937
716369
969321
11251
101761
549677
391982
621954
756029
958002
562088
233897
8379
26189
99779
913530
662929
426034
298465
779677
860698
589165
176631
109139
707856
943118
560871
571006
247672
299808
287375
731197
825262
903340
280875
217245
525294
36904
175247
601586
785004
308042
708548
811193
649602
104805
238928
826735
530838
14257
905741
640761
783043
529084
862822
240366
604159
433828
488037
903966
235407
219234
243433
138747
14313
460677
178245
565420
150128
779830
350425
972373
488379
675822
621976
107388
428954
962915
638226
966345
569328
58172
121312
866575
587255
984133
106941
705618
932165
594977
609584
681776
328415
853016
820523
856932
19376
422352
978025
292803
286981
950399
80692
86580
402773
905960
49495
555203
872306
133027
127579
507822
999601
229038
6160
106542
934655
23555
58444
134305
58343
425665
469032
915274
253563
982004
851830
745792
789011
653016
210396
598601
130023
296975
515578
35984
860674
70782
422494
507905
712564
930315
507507
941602
936474
614048
876257
389003
343976
448906
523307
402318
874570
992339
831796
128133
488548
683626
388129
277559
850846
598525
876159
980869
409704
391737
531057
784582
976722
953550
292488
689287
398070
799994
145094
848748
928246
535555
751955
272222
984460
789466
674539
859030
296010
20540
501367
784557
704166
889496
62116
69217
2226
452479
50086
411929
358421
581142
196512
849347
48897
3204
52839
961170
803197
197932
324123
731443
733487
590282
517870
717947
379749
192409
91183
675758
727153
592549
460316
945523
482045
36636
14740
998474
3320
64826
410404
361740
160172
121120
211087
723273
124323
778130
198648
927519
976061
522771
173167
223753
113053
691036
455905
7006
397650
547087
682764
124803
139636
657284
