761153
165034
866038
308700
704730
564948
775131
530318
103228
775358
23752
988801
845642
664971
27122
201945
428644
955079
893184
91681
171446
831571
121120
937163
653187
601274
190398
324488
999355
626100
191679
274713
305338
571922
583412
10068
136870
872747
540385
240097
648105
78341
228898
7952
743312
770223
209897
686160
239508
103081
292045
925157
934651
413164
862320
102043
14438
566923
940734
527997
193023
132414
316915
498360
704335
900326
22632
355409
287279
77221
595505
449588
155562
338608
457540
413078
623035
181641
613442
862542
284721
905487
301905
733577
318651
164225
349824
333089
731147
290559
375290
924169
422972
692204
936733
641511
106736
473569
511124
908218
550790
620833
357806
220556
473645
329550
147838
96681
25395
761279
473427
310116
666766
775331
43693
985417
939556
393516
832710
184908
198279
208000
109078
135455
414409
560015
291170
521144
33585
802293
429362
98579
423127
301372
319134
896771
145127
466971
507656
170521
742454
981083
480636
409221
270619
38533
908842
210175
946253
255757
395083
144532
977960
18365
279987
392369
92584
571156
913512
126168
887654
857078
224746
310781
672655
58084
721756
817781
39259
229413
988301
781713
724700
983142
190934
995318
535879
613980
719698
482132
869736
628985
140869
847696
161554
935059
754270
254137
20420
181987
894509
908073
39066
633459
733058
711720
205748
969019
43706
245006
712636
32007
26719
437336
529353
731856
946858
65233
860040
180761
61569
729776
809745
202437
91678
485503
651700
360152
739640
672120
542138
148354
94398
95408
296017
827456
321332
501764
796475
365037
260975
23316
911248
801897
460651
954805
533754
921713
20038
393794
102475
81607
637775
912219
798247
243657
397723
449948
603808
651567
636272
145946
314125
730669
755558
124346
72330
76890
140315
383009
956131
401289
406324
381584
203186
381179
336389
251144
302893
356427
159143
405367
952237
311122
831790
264689
554778
743717
228841
672790
909488
865112
818735
737817
109987
88498
862163
696520
679592
2478
79530
635723
917970
58
17307
121156
381237
353695
886504
684129
224326
45647
603700
690767
356768
435490
955456
425750
693412
184297
98540
602900
563614
431479
854922
187805
519977
717085
884324
199569
233767
478058
349496
151737
478116
881006
787096
859352
748905
673600
57686
487436
233451
661385
178203
104423
611079
647863
530172
304491
346365
142916
421596
909978
574395
276518
611987
608576
507807
10516
322349
741573
488574
671844
407514
480894
67055
194610
340246
815959
868210
397931
303395
615865
573520
481598
720288
184599
129461
250460
3295
475825
393376
424890
900007
481975
215612
26199
90551
723418
36715
412899
464991
39493
598947
386709
520386
666001
581318
374836
481960
963732
286971
785355
579598
860490
781157
814090
559293
424822
64550
562587
414852
972129
987476
314859
968308
203088
341058
58859
440710
891976
985961
419905
931468
584908
806613
966058
250909
387932
340894
247074
865868
627864
32429
959670
2559
327790
773760
561851
752611
352515
638643
167463
838848
626119
996526
807157
343412
851788
866015
784121
257969
851977
718231
189437
951089
524844
155495
201999
426980
10593
963276
292849
638456
509909
252519
155219
837698
26280
231274
104514
892998
869916
786181
731846
10241
296912
539003
353652
148700
919223
651977
406668
771200
370208
110309
236494
409257
780007
952696
836236
790599
915972
129085
943259
425881
895808
98478
263579
436292
329751
882297
329290
713872
668478
61136
724112
479594
600139
77764
628293
519362
243945
549165
804766
128358
173678
41260
537614
953684
993956
373850
744283
424133
17140
201747
850014
912947
814428
627797
349239
658383
24299
678528
372255
692776
739663
96367
686574
339802
688334
829071
373368
932279
378236
178134
60637
551913
733598
112455
19802
727554
486304
278289
665891
17648
480035
515905
930594
808667
657907
279833
467051
682205
472565
839305
889186
212229
935672
575760
66235
624006
404832
439603
70490
297272
617736
645330
363390
351334
757784
383191
593092
758293
661480
258984
775940
655719
289093
706535
464387
946999
500572
931437
143410
973137
284947
32596
699570
220619
608355
765804
358830
527391
205407
429319
824663
337348
74650
188053
202886
346638
571243
310183
104931
746927
569166
395076
916851
372463
615815
381238
833667
116387
826879
977076
603728
111826
9672
303298
846649
132231
69103
719683
659622
788713
149002
998489
640265
737855
186542
843151
84494
271989
153334
703628
18917
236704
612908
935767
609166
228723
831209
957037
859314
172293
934113
463042
798322
457989
280545
159176
104425
863851
878858
764046
166769
27861
762535
807034
279920
463281
650185
878617
735269
803518
96451
268390
554426
709358
204157
677796
938081
549570
634834
311600
721862
568947
288846
520185
541141
569390
679360
645565
433241
72424
409611
600010
614488
686350
921248
894407
663835
571433
287230
399104
889155
383680
667494
443581
93038
385855
121377
545323
449630
756210
856922
171492
839362
145769
205881
380503
229363
399446
26068
176809
471869
949882
291023
86357
150437
212271
494968
814271
297908
782197
727579
187063
165877
909277
144848
773119
809337
780428
832646
258967
50844
689569
430458
890205
349542
150544
784912
578904
64194
325184
269917
536062
789270
560939
136623
939706
287414
145795
268182
585321
442197
509965
772383
608073
419243
431435
895396
228580
211864
728043
1751
262707
931816
432208
667116
281358
96956
966232
374466
161149
291416
644383
211415
80686
719526
862241
534596
6941
522241
316982
592261
964437
341151
878849
86715
274598
310284
982111
17382
36352
224359
19132
299058
156175
965544
480378
437532
62500
446610
326202
737853
252230
484789
463472
332915
204316
839918
381715
725460
362159
212901
317721
326596
554052
710774
413310
828649
21059
395421
846031
57410
619779
379367
870672
775953
344911
351050
727689
921615
311865
568096
173673
564094
52885
637144
411214
771404
477062
792928
496864
839220
520034
328790
165816
74086
39564
93331
416939
574826
488751
777174
146441
622735
156542
531317
912892
15657
396571
154787
937271
708435
722882
110944
786734
775766
262293
197948
547171
739354
505080
558239
92780
25114
887028
772799
613403
440797
866129
30343
15623
869085
321721
676267
6025
478262
207584
918916
8124
604155
587907
945394
312590
310789
570543
613528
600760
832835
811475
662135
86394
316556
220374
693377
855873
621607
980381
469277
62404
360715
13824
78026
744004
335544
754293
750028
328011
476081
183150
336134
80236
771056
281528
907030
596050
366275
520558
196810
713314
332034
858944
313913
162794
593522
7290
18667
215129
501875
487943
277532
862590
501766
869762
606594
351515
138260
356623
679525
614340
53977
15659
208781
825032
811390
115811
935286
177666
150573
132096
405184
482606
505244
719096
159604
98767
726386
178271
828099
228261
180418
105632
605055
196389
489598
211650
547903
142062
82477
741632
756401
136453
757290
965181
475689
568680
595196
410976
260550
745769
57276
665734
742579
562520
384830
902183
175491
625420
594658
3590
367886
289280
623425
972940
999872
113023
184590
61980
255084
781270
803611
525690
431927
560901
5076
907616
643786
114477
832796
904335
860245
404276
570069
117029
966795
469104
19212
656490
94524
128074
660080
462409
931558
797709
949554
931430
910732
648348
993410
680020
429619
797021
719914
861545
872127
724990
283366
515913
839466
116162
420248
213916
34643
504522
330944
515642
487830
864360
172133
582353
506638
346417
558967
438196
144126
22726
369627
569062
671073
877241
249083
100692
674262
968996
962237
60594
208191
245603
576506
561861
875969
510959
775776
910611
529685
620925
426253
17515
999489
112590
114072
506127
459006
187243
944323
603132
209968
828154
172194
881041
705395
935480
981732
893861
418682
458174
468660
626872
217982
45166
702938
93951
70329
478714
518766
600013
613843
459223
131732
613332
571813
245804
633664
30819
947250
577987
148155
157219
920345
834553
552464
139945
770033
534196
548010
702919
506575
16670
843996
724556
576040
546934
332711
160573
539852
851476
274791
153696
310699
406522
281232
396716
166530
914895
941739
113781
7087
89894
270999
441636
438651
823462
581580
722889
871862
643795
425808
378437
174669
269804
617197
750708
816737
949907
425486
356590
315588
700276
24490
140492
106798
305721
537207
273328
734821
993150
901312
741907
83045
686515
183544
35900
24182
279328
758788
896043
923122
184597
788685
97792
454400
920086
362704
785342
869994
788189
656136
699786
2670
680625
840277
109468
500550
377485
896999
235371
370635
312516
977278
967883
999030
675026
3784
23212
954353
276776
433459
877476
461372
222144
489472
429977
656435
852175
215319
526429
154570
871454
740419
157239
66284
580697
780910
566833
472386
192114
802204
357225
504629
293687
839313
503659
968712
357301
526870
923065
634076
474534
314746
95449
210882
804217
39630
867316
170598
254948
907949
839371
640606
648369
510814
221094
229066
291725
787926
701451
483838
104335
572880
502672
912225
412193
6331
880937
769493
47406
318208
403570
521939
147158
13223
732820
465580
567056
114342
636177
822003
22291
989752
976813
670659
500566
197907
413929
792290
500037
629584
790333
604372
202465
807209
30802
614657
813539
911739
898355
375149
744151
301925
411292
891308
829351
658317
356888
396407
286863
507269
732614
309153
497021
223632
494017
997587
421538
907945
304082
435779
537530
608619
554355
739994
415828
585157
354651
743572
11101
253006
632925
755251
69135
44218
160764
412690
216739
31857
809096
503601
539125
55915
326958
550351
279546
820974
62143
215288
728920
366224
651067
266450
974843
719626
6444
390671
304783
875298
648447
315883
642509
281373
585338
225848
839794
260307
638538
56533
292163
961838
74338
345492
531958
401295
895842
811503
736474
472189
540996
465394
838413
706267
731843
327461
425893
252491
232336
244881
641993
880783
560763
798706
162156
660306
538759
1950
920612
177297
572686
726979
653339
161228
72471
185297
76727
482518
511005
813200
954706
52001
278594
307324
758267
524641
634784
698364
291336
381325
943244
933329
262108
18213
246240
938467
678518
784998
454621
113335
476499
27307
840313
644043
188534
426988
829339
265260
423710
854548
78461
892621
906548
871258
199945
179020
395900
348934
877384
687235
730258
820628
134769
506570
838840
895213
445037
31563
680211
899657
659101
670915
441168
13619
314958
143906
440607
658501
409165
378521
513050
1830
271142
419598
387293
471087
598618
783192
334225
990206
984631
64483
325039
633605
571052
678084
528818
530293
709646
723233
944154
882952
394148
385322
896570
223310
529227
851381
881811
452596
229903
394861
968630
501044
814458
355923
486335
927280
653319
820559
431691
637950
885041
756730
271555
970297
434814
314577
14795
658664
37811
958948
541616
946162
344270
438187
169473
387701
803772
51284
840297
33675
960348
323132
534719
289011
679054
21054
216292
332373
355818
162187
484527
755063
77399
725361
353730
584863
740155
526599
136878
213309
68215
597245
557578
20606
280922
945279
824378
846409
299781
858052
806757
622912
906975
95768
816170
442234
826263
148543
798051
988450
147274
553114
421571
417560
792679
289506
516628
47040
816104
167710
260348
884318
764954
332130
419129
560080
277409
243507
406489
91394
615763
727450
714305
36944
823218
530475
479177
163686
193222
791432
666340
340496
344546
87912
272260
651430
377417
788887
698469
193521
470802
958816
592043
749960
290946
525376
310041
82560
768882
716529
688157
898850
958184
402463
935793
781402
447142
414970
459292
154569
720606
125633
9269
65152
213544
795732
230786
105165
98825
929254
812889
569626
402275
404932
319586
207426
930308
629626
289985
213395
860360
978141
112245
818544
894808
562242
114151
856155
491416
87647
524928
212022
213279
99854
941026
844132
22164
46191
942956
465623
859079
512582
867897
778216
832168
75323
222729
975998
879511
436123
836358
857653
62573
169107
266666
139019
797461
122821
630435
885108
161953
842456
98387
210353
148039
553618
54486
170203
599808
997441
150030
973092
510024
17927
265513
856396
93250
488241
832394
972760
438568
182958
344618
15345
866268
611284
154364
663730
248309
299003
548838
924466
655663
161429
134819
803702
715046
703508
488109
829059
700950
638138
316356
725178
170269
581868
95779
263518
584313
928172
750483
22881
625334
609305
552430
491603
734793
220998
669537
497307
520000
218375
421773
175663
894007
70796
493569
123259
774304
981677
952317
989458
134020
268673
714636
304289
364745
810414
82011
949057
252791
346698
486142
878125
956003
552776
883932
690796
773773
553469
702307
293773
286048
638284
983640
694259
709080
477209
817517
483384
973091
284039
987046
107111
552711
701682
411399
431660
26301
493410
380717
279091
840107
381064
671420
310315
933839
69557
515316
707613
623025
217623
515590
423277
855907
499230
631741
79192
490644
449258
76780
463735
733297
63826
570845
800212
279712
982244
231873
306012
989858
126794
585102
344170
22062
770727
654485
955901
840283
684005
177719
977513
901627
693308
914994
271739
706743
546735
865134
197387
510198
941913
661121
757699
519943
746170
557911
799654
242619
303988
105666
232477
944986
204973
90852
967047
975699
259541
437153
815982
943545
129076
307700
359377
336589
222695
145321
43332
769429
10455
754922
279627
952368
930247
551530
472311
676417
109442
786170
40737
891835
179922
386824
96808
270773
868076
72507
530313
305229
402694
988062
948509
710393
347440
285098
933087
492760
328429
216722
17419
597555
10553
483991
527802
562083
956302
718423
185729
742472
151664
113362
148512
331586
14391
245320
116563
882466
832030
161081
701899
748928
149143
650408
459322
10787
935505
906613
17751
778138
637539
35170
375693
648092
519160
417699
1772
650327
910107
246343
316195
537673
394855
161985
552063
154379
278548
948733
500613
953832
650633
249542
102975
815245
223068
627966
750751
643885
645716
43094
281425
195090
932991
929516
714250
350690
653895
218121
515221
564002
978668
831416
101675
887727
993400
167943
42106
786152
116676
56923
739984
767308
306464
357164
582554
43736
985129
847509
687621
145050
404807
969045
340140
337798
412766
568594
202693
66661
786714
717913
144867
279587
63534
760745
167314
56935
928687
209419
357291
45364
780546
97276
326876
601214
454439
423634
644950
439568
785347
846775
584617
190155
330025
438961
42157
742790
7555
244849
323655
308474
476967
468521
588060
540500
743470
755374
111639
672158
478997
468930
231726
259543
80410
72806
374962
534848
10645
19912
488620
795991
380891
587441
500350
710915
26403
542507
453705
548161
301560
777359
856634
778526
760084
958899
319027
503554
228478
944869
689916
707474
413799
921641
481222
494208
508652
856183
543260
519296
390299
31880
829491
771189
133526
329842
482104
674132
386553
450013
222293
688112
741576
593132
466639
501660
66236
299870
519418
294713
758943
209335
2187
172743
645180
997612
181155
153832
368000
238620
187332
758298
784703
16824
43692
918228
860869
40000
592360
247422
490012
328858
935533
231588
436194
916376
247452
502429
730450
766870
797141
489394
490409
313532
176341
135589
311145
871699
803625
679144
110319
990956
951647
409227
7780
509543
327455
868648
549543
434020
630274
553759
762877
565808
299552
199071
996388
547003
215704
241044
828077
12845
730437
318486
326376
420982
968279
151725
806885
771904
345074
917204
762860
810925
326431
770640
320468
168090
153493
384215
116314
783767
937974
393395
863779
237526
106670
374372
298733
322373
615415
641015
335217
860056
959500
175798
795242
927779
327522
602128
699683
672595
519332
976748
483520
359967
747388
318193
42261
415085
702407
158575
713056
640381
66174
576835
392111
172844
465412
690844
495216
80827
846063
830433
455088
805563
6231
250330
247548
847956
852457
461435
520552
885993
438183
518276
760164
699775
350673
802425
114861
53081
475204
827916
207666
541377
918956
599777
714220
384368
804825
723641
979398
650888
554074
434486
970655
74509
684816
218203
922464
51478
679638
957220
937471
632025
989701
697635
331801
340374
14265
960865
907658
489468
302986
115325
545050
736146
715101
773474
120514
519926
497115
614117
685018
51189
48603
655673
639901
247623
873876
76571
813305
67719
547995
750776
699743
51901
448411
545748
392275
462676
506613
299933
466348
323804
415257
11398
59950
644562
784872
180464
678692
281987
308785
363710
847380
871591
19384
1486
633419
407464
592260
446724
475182
140256
197500
689129
192156
160115
234878
98635
622790
255695
398568
603343
579498
328029
128945
639448
486796
913816
334116
165488
710008
642900
529198
71593
28696
62786
587282
662114
470249
179543
108838
459635
319798
306337
148764
26158
980656
897845
124793
117651
667745
37565
720993
247243
879797
849938
400895
366593
277959
249215
532081
502171
406319
575483
87968
435015
638268
675250
97129
108517
854792
205967
568151
688794
26508
231119
714951
521368
643169
353948
639019
310914
391512
360012
558156
271310
724154
473256
152107
516318
722470
684187
18489
128790
259670
106457
563804
897937
781706
175137
520658
150703
895307
603013
839496
436020
834132
68652
957387
477301
422600
596406
302419
328316
470623
374779
599625
194777
848034
751732
711094
570505
950123
243788
213499
723998
350244
777302
136140
646154
466643
656798
311061
361951
259811
150557
797970
608147
733412
755357
599652
670216
865968
902070
998532
336591
276850
112362
45572
639088
378298
270871
209593
328422
514658
937295
566624
379106
714597
702763
539464
695445
873765
850524
57396
647781
515285
855365
255928
762901
124927
369785
433118
990894
786059
431650
327485
577113
58216
887261
216202
436514
672336
939998
279140
186994
877294
845763
80304
106096
548526
133972
801540
936496
984495
858935
584277
13985
228505
840204
776885
353432
724193
210003
344326
510253
155857
186016
87366
214073
73277
817771
164791
745612
757770
443930
446810
635064
803897
41318
741159
866627
175289
56905
803123
673988
915839
387400
687972
144345
741809
464857
497776
466002
189065
356306
490459
344921
542321
92030
73198
129802
909800
237988
389618
667570
196122
836427
816838
19
391949
557998
866646
567237
129107
183974
755429
44946
571374
443401
703494
827387
422463
715474
807593
611527
71781
298053
956447
128306
390082
29646
258108
814086
267633
647725
481657
463755
998357
298495
977977
390306
370697
358828
471748
499803
542802
741381
58954
628380
184783
276652
455767
607245
992126
263360
218772
578111
75617
689423
706416
979902
719068
964523
793989
500906
126454
789850
478865
639015
88345
456842
543525
973246
815670
15273
987253
872676
270859
560411
501056
455641
837063
471027
577090
343394
734386
310066
921504
324208
999488
627920
304110
718557
106649
98099
733667
747306
887948
212532
386321
490498
669373
929845
977948
999247
459323
965201
871923
730181
39818
372979
700026
876880
844005
277116
220274
92597
587181
655982
416804
586669
798106
235118
819430
904754
847421
67302
652060
249574
57774
740071
463411
482431
232224
462658
941753
197426
334582
186139
751447
221765
886164
628327
579975
163280
362805
186776
264665
532991
117784
365538
331097
352901
699173
750056
200322
766474
916320
449896
46308
468906
704171
509718
465541
936395
486580
921498
648025
335366
107637
399472
557131
993800
542003
651310
671284
419012
838085
935948
952002
955868
815690
797303
822973
514863
547359
537500
281338
977884
987395
841849
446790
205771
865771
912330
656370
352351
833828
818599
687717
455669
218071
759052
449469
274278
410362
634957
207494
248447
85110
673700
718519
900799
471004
541492
415663
532567
78992
211205
510451
580591
53054
471445
786362
433029
383775
956936
785379
731807
775536
987300
187476
507811
746352
151149
782089
156714
786105
503787
919364
871214
177488
637883
772014
162696
693580
701881
695262
772571
427290
205714
867367
480343
677158
167934
913371
575138
124870
212955
821149
900405
200256
8626
922421
946607
673978
704510
617526
460084
722501
51095
331298
899988
688978
617516
62684
896762
833601
272151
669333
260891
992068
536700
255438
183431
704633
168809
272773
343708
895968
93923
244113
610428
616752
166534
557035
290730
385248
688765
750813
621954
739860
596316
521942
943042
213832
98831
839804
561638
885185
23342
822528
877253
74247
77967
60684
293084
760979
333457
636791
656947
427379
395109
267375
558335
75847
338615
849064
975299
541584
599878
597253
795648
196194
633399
252895
924229
732229
92699
485867
617414
630245
822600
8872
218696
900566
69556
511779
661545
917216
148571
832697
858799
57884
614276
417134
133730
952890
266198
109029
8680
380280
220486
804327
90678
853885
57223
529112
100319
664125
529183
231938
294370
351783
240809
513065
252349
824568
539049
428099
255989
687619
260796
114788
259707
875071
46126
393436
342167
826528
64313
206808
237155
155173
297486
605244
726599
340802
705563
390725
869984
451705
199299
221768
692513
226569
988320
31287
765617
416419
287275
967440
191419
916267
227147
580695
962392
134787
437066
788920
151456
787911
509933
902815
457288
321623
22264
698092
662424
242031
88817
532408
693735
288115
268380
900453
514683
256701
931739
794504
187324
733218
761944
378743
649485
989090
473642
126083
638082
910707
429207
303742
212823
939139
206557
670110
774966
743025
368202
437390
985055
971222
484003
192996
773542
752382
607653
802429
9083
539392
596934
196407
786814
358878
89354
436300
862173
562995
562382
500255
473702
991588
803996
686524
444933
524758
870838
219899
781987
753245
657289
281247
238672
655496
474242
12214
407878
81895
814643
416961
135491
411577
127572
922305
284659
731129
872809
661036
294124
949395
675495
282030
455188
993696
482758
900120
32659
867800
634224
814645
135250
805717
95892
373922
461213
84339
386135
869090
680437
200778
800255
330133
126559
442031
252438
925422
173160
639451
586458
981487
588846
261954
777721
44034
255650
260479
458359
802512
642484
92583
617157
777733
898299
227253
151655
359512
311591
51995
742806
506233
766976
543062
836365
893535
985092
603007
818957
672457
242458
919619
653944
345508
181573
431666
389541
951426
206349
362104
753938
848832
454686
885299
140771
867189
112553
806629
740905
938347
858623
483712
958784
625600
540978
795149
33340
40275
398156
366501
712731
154818
286120
880880
500325
981897
312546
404071
447528
33099
766174
715671
396136
735065
600970
536906
116459
227727
857739
857364
680279
230568
855280
639063
856167
396258
948417
403711
436532
346573
770211
663468
15596
570535
544348
30125
552432
371098
434195
514165
404196
714574
229836
800331
963843
345010
851441
80302
86942
223386
937665
767220
453953
792945
920487
310120
703407
868904
228035
654144
729682
998245
317612
745277
82985
376164
775401
149622
261466
723801
663786
665661
438375
407826
980197
402218
752835
345843
482519
353981
569228
934389
635405
23181
241539
555893
847504
944946
939001
75539
599090
668683
587988
430906
928164
670973
807069
217771
820594
68535
941571
998584
248400
894150
406410
742801
810572
673449
88645
807295
541635
172077
741684
177040
709462
497428
247137
556966
442374
54748
41464
369026
248902
986573
297191
919874
793642
29166
254673
376381
484941
767461
138985
379091
173871
881786
703867
361525
484635
511162
903159
656711
767051
80199
366173
264479
327336
437344
221057
27679
584053
262520
396704
347159
763297
208099
267034
556939
237264
35911
447524
722204
803372
586508
615499
491447
982498
319366
367176
467133
344733
784539
638049
111784
864738
4222
890466
706278
955769
111523
248161
54027
888246
644864
401186
651543
367168
182424
722686
604431
732538
684414
840840
535910
270922
970543
541562
253421
289910
422942
720553
148847
207482
872806
774834
586424
877028
665300
806906
347002
291027
55067
401029
693477
214135
316419
345020
581302
498842
581910
699938
231380
266324
540778
281495
537245
511321
337261
304870
315435
760202
539628
464281
481888
412434
239115
68312
803666
418619
875217
150669
709645
930283
65902
403122
144419
382320
262346
239925
395366
844255
939862
140950
624783
480640
422444
676233
506166
759704
981102
335805
34112
520730
800086
515999
447369
553405
98516
251035
486229
973732
915907
710078
418221
496013
627405
76844
392537
889750
316768
787902
248211
256631
928852
872993
251475
865500
549226
757640
139410
44534
607650
173521
79468
407736
203724
526836
475345
302239
292076
961573
790176
722187
671652
208397
218201
299057
285240
610737
703011
116212
912844
951221
372842
355901
338420
138522
221401
401850
410366
875014
446383
18016
48535
40056
939955
766463
566891
415301
582906
373171
891078
373082
95359
76935
95683
827763
375991
895126
952704
593207
11339
865548
58633
898384
735653
397052
36906
957054
313107
447272
832068
759489
465287
394808
799544
405243
675475
880640
334748
258381
253811
225826
145668
863373
302761
755554
691136
192956
650681
643841
786162
662019
23594
844795
74608
759247
756051
111514
230506
583362
72990
576778
857056
52481
485790
170805
971927
161265
51445
306675
933850
819460
46706
593722
197038
863670
349276
888174
570830
514161
46220
356993
690384
69813
715992
764992
343264
986247
390710
573769
569610
463699
664752
426666
516179
150542
597470
2312
826011
163120
308986
759861
496784
869895
867787
693821
247770
217063
96200
818600
731224
142419
689797
421608
726436
405789
700804
583904
906240
91514
671878
990054
555212
336630
930924
585596
1376
42600
32182
205719
411097
587247
216707
795197
969238
910527
42967
186302
520932
861566
431730
177555
551363
367542
418195
471356
68347
2100
891801
159860
188182
881855
229277
524811
326985
329077
526186
369584
431188
867777
89507
356489
969228
306213
151686
32922
708857
638973
251876
570423
70703
429431
635991
438244
847625
621551
20795
849724
513352
694859
37906
909412
924135
76921
236397
767416
117312
605980
198604
985088
695486
555092
954316
515903
220983
406988
246847
929839
45961
498723
14467
630867
928153
650457
69112
289983
786213
604110
653912
299565
298969
691817
208977
737308
282943
959577
504724
914458
565557
703327
413751
775247
772624
368067
291150
993606
289260
52202
437650
335220
550924
452116
966087
993281
616778
549403
283264
402991
153513
937175
216760
966686
143198
939941
703994
940344
899518
208719
854802
979280
426250
268553
754527
198874
150824
559882
706684
440083
612083
144334
289508
677211
596450
255595
184697
727432
319202
467960
644627
986918
919340
861386
953604
576742
801327
171804
517086
215051
894726
886092
194331
320976
154645
463062
34055
819672
537148
740738
773960
663435
885072
63468
340646
995726
833266
525342
723158
666672
507507
367785
653590
426847
743375
121400
517793
58908
293203
34879
273958
702133
435175
468288
23109
589819
931349
57163
923695
468498
797901
697655
131933
197178
275327
986783
192904
622797
26330
430266
289469
533836
312255
457264
474887
55630
578663
992679
628741
386070
541762
902698
602407
976936
370986
625515
80960
816540
196883
4656
285038
508988
216515
931174
706165
6047
432162
413273
628843
458492
843538
432517
506532
669997
889780
981419
239831
982647
488303
868572
882921
30066
771270
485328
521206
656461
625047
602166
473001
821929
121026
272243
845121
337540
717621
65491
857790
149784
478763
839
122480
836505
433355
629011
20707
837339
124635
260538
334191
612938
129110
217112
157208
414584
216644
678413
71045
841690
794783
544045
177825
915808
816287
537150
767553
48114
602641
625343
197897
595608
626181
320376
946318
573740
463591
967024
925283
588226
227562
259474
715368
870875
990789
872575
799664
721637
65193
384913
77533
859976
928958
769561
289989
259450
306711
57542
307563
909351
197090
19664
19165
337475
854243
965482
425420
317835
932506
350703
906060
674273
124382
135633
59353
629375
522412
373221
865217
101809
758134
942749
475989
201297
712310
765978
460746
19021
337724
282514
442577
534813
302177
461741
872288
156421
941427
811912
988459
388138
162615
408724
62411
801200
544356
635968
430576
66768
9189
295793
168576
767322
752746
644565
482823
465056
924747
943569
998280
262471
740287
955061
797284
556668
931006
183777
227293
872433
995688
215752
260572
672507
624475
837186
473708
683035
987358
418488
264007
996547
228485
946787
278074
981230
591352
760897
960490
30304
218671
472975
292774
473162
428037
604262
29830
873247
302243
771327
259886
297931
987078
34662
484643
125759
871847
958350
808793
373411
891042
587005
369958
633731
533792
162236
614961
125144
437337
89656
669651
170212
76835
962424
643373
504871
566687
187408
892323
868929
958734
152209
681065
460017
186870
165708
585775
572921
638262
908773
946331
43509
495778
830493
677239
29570
506934
806404
668917
458475
896059
338568
628687
972893
815196
786264
991969
896087
487876
398497
765017
960814
550705
960286
420832
251779
640198
520811
338904
278460
943788
285236
836172
953770
629933
513411
983339
136867
834019
166461
109547
730078
19233
34800
834429
552906
723349
730516
40783
636050
9738
1597
700959
484228
936632
952737
124426
457444
805846
917089
915436
605286
753261
869207
235219
780876
366751
886290
614895
533212
995836
859177
66649
248274
590558
901077
801179
828111
145799
356166
464162
669740
871967
165121
153969
808599
632063
792598
780247
437909
709688
695684
43195
977153
564891
792617
272235
931641
678907
887129
979057
188948
260512
45707
437221
851069
460988
752605
193385
120991
108771
657546
790731
980737
336872
458904
303542
968934
251502
83789
921047
475394
293677
478446
966752
372772
271063
238987
818618
464175
640320
797675
167327
900831
357586
604548
266105
818574
871357
973694
939564
494332
631240
244500
475070
482316
703403
292816
965454
469110
890808
886501
458708
184486
879151
425460
557257
664419
178651
375875
642798
818971
687755
810124
234007
45341
928876
14317
378119
800233
988010
317684
294566
133455
76388
283840
129976
293996
90860
95430
763105
981667
496136
736017
166153
375287
161478
237615
553910
340128
127694
196708
673303
815448
6833
421515
374994
935708
950035
753112
250147
938045
585000
544712
585704
175593
342756
715679
469588
433615
811109
746897
415282
821449
482914
95640
196736
644391
847458
750646
498724
975151
461558
686231
304805
468390
621950
194003
404099
571985
461319
168450
24235
560524
713161
609939
736116
570121
839822
205704
517940
650931
952600
933221
472380
435514
543065
183321
594110
390523
448171
607038
879879
909728
807473
698888
36772
407095
296422
1409
868413
464871
25644
428937
692236
149787
165053
776561
989608
370756
294501
154745
837560
741926
141329
273075
284992
324649
381389
189719
287024
988426
583802
196753
310104
796894
89076
739527
203989
899701
255141
72403
364572
280784
501339
571012
430570
180597
347573
934382
551352
642073
89127
388913
383999
230456
176192
183195
555104
71785
887118
842128
60211
470920
553085
370314
267815
642160
624046
471803
541861
879186
544205
420637
674174
559749
991648
618948
740345
853425
553330
805901
495498
642457
709018
393701
872912
885209
576896
942220
956993
464014
298553
531408
449138
851637
415927
716952
8002
554177
702960
64067
433363
761369
484703
107537
321118
990555
726484
575667
843980
794018
381569
853682
436475
90587
761588
823591
490001
852688
765812
961198
830906
64365
6812
280044
430207
936942
511201
952412
491119
214161
16480
924481
489734
501182
546222
325057
5943
786910
900723
849922
580928
796496
217810
531608
401288
979397
355199
891288
346290
121011
366691
177196
699580
373502
457239
643991
824648
482644
596403
315767
211009
612882
754452
700743
628269
300674
25800
634211
601788
440727
998337
696921
237224
730351
228529
638511
223953
583727
44004
570242
218943
924898
747437
918522
298401
718881
76718
637253
201525
673120
953020
412534
800207
707472
627481
942680
522351
653280
91096
124139
94007
603637
335264
845434
333989
563792
483945
72146
661724
42153
642388
880666
967051
904029
313393
779656
622910
390110
416909
338640
577434
369929
265378
891845
77402
892858
834525
113957
60343
439825
238095
668553
43463
87564
513988
891655
651355
512137
963800
827283
554290
120393
707949
521341
24423
535546
300997
161537
439860
717905
14381
531499
87835
279758
423344
679440
686820
772074
793396
261367
211899
545695
929920
255361
633258
443908
147016
798818
28753
626101
24539
745413
848255
545879
284040
898005
846875
445577
337866
78986
974161
869364
166820
253920
806912
846259
454944
578986
153860
716311
305090
699554
646231
560450
847017
604343
221671
645835
74592
846691
786140
613335
106309
148600
159214
390349
46606
520294
835925
898675
599279
810086
282244
280303
578210
89156
640766
92932
794625
263670
10517
424105
562090
855400
28448
783760
501235
617243
144656
801580
744782
250965
950179
903996
641313
510989
938494
991442
409664
51978
315733
206112
332280
408148
295268
973045
955506
991818
281875
219176
993458
290258
643280
555548
145659
185932
853513
161098
317379
998168
962677
62162
249133
427062
480362
404650
938050
418856
910296
861919
985037
226030
68031
317317
634177
877502
804566
103888
869320
86441
323063
862778
890902
480547
932531
36561
180683
786044
711863
498061
784212
188745
74427
547550
615806
554788
466404
553857
487848
376701
415776
472885
116935
998010
304406
265316
875513
108972
369203
259038
709616
206470
121817
600519
687016
568552
151284
867698
354596
863146
879963
653012
566096
954390
714766
181902
23383
181171
249963
511231
72076
179943
498320
189010
177954
802726
968529
53467
911697
337732
312504
621314
544201
948524
736037
745421
31281
887320
613119
385876
264672
7287
553093
830767
475881
267859
526873
499264
963233
776836
524699
549513
956778
23019
738522
648936
825744
707051
216607
251647
558987
529111
387165
103188
991839
637406
848608
23121
524726
975931
923200
303602
497423
476293
648573
973303
258357
175447
472567
735794
466487
997265
285308
937469
534489
538034
586406
874437
759290
317217
640288
318277
360532
27453
935669
352372
664858
784277
889696
703789
274414
327101
521595
771836
317599
170169
745139
90160
859819
731911
825953
840510
243381
111261
292184
777869
649295
392794
166512
408585
710011
806799
241066
70543
348457
176735
937118
527519
475217
826814
745512
749630
668120
267108
35671
985718
951480
780809
590082
325504
26925
416035
680218
270306
41501
972401
562379
205000
365196
728890
127789
75207
49895
368854
145749
912555
545589
597072
440074
535010
423886
185587
284640
606210
966898
834514
106133
432583
615323
696214
758086
156453
626454
438304
426758
667954
410705
503341
872953
290105
232232
742
879515
796330
883799
539469
708885
943592
136541
663163
478602
74631
362954
277446
680841
844056
111960
301178
276639
241488
997392
34725
397940
623846
987232
338902
806004
912142
842242
193162
202247
74474
708107
595967
385008
591906
135436
608097
535499
271976
271261
528305
346606
148419
805751
541651
992475
917710
842829
269114
673402
354426
818043
71342
492476
805275
410243
812684
231622
252486
5846
948073
841163
713952
544040
740376
305858
679475
348473
355561
465655
133938
883866
326465
282357
203822
382321
789036
121532
225150
58150
309139
93780
390397
380480
100460
195673
304928
913143
941498
71618
918988
889571
912780
632940
433611
167361
453002
627290
515834
322768
607149
163976
206634
933614
960536
410455
315935
749572
71219
321927
869533
663272
712323
250014
763731
422200
69146
676874
363699
140763
110067
767474
567747
743006
715290
735108
710212
342580
765146
32980
949729
443326
753817
397548
403863
678476
227687
667639
238872
797179
989565
108405
460451
216094
872622
738386
638293
455972
415260
516196
596734
525326
283671
678686
782536
998960
927998
6953
855744
693144
554137
319678
136470
822158
717225
54537
500635
459116
722176
253711
256295
711741
876319
230950
927834
748942
969335
80333
204914
898799
110733
315853
938329
394403
994538
235070
907567
922536
242023
763312
129885
796159
597194
780558
618317
828624
835095
633156
287740
557271
401071
58240
783216
277391
289189
225256
540537
772729
819792
259655
671528
930524
575507
124063
324928
84250
359132
746699
520990
601154
510011
165079
911517
107206
945637
44040
450034
780732
191400
737773
852207
592471
310217
149628
869861
113611
374883
410398
886339
194675
670052
72072
125200
759764
196134
964331
358218
69471
711030
879208
184829
735246
44287
96347
356656
504128
654590
806689
799064
360194
58667
651271
952664
368884
315104
336730
482494
204191
261332
883037
913070
445589
469313
38270
719557
179652
516805
77775
249122
742039
471187
433950
477285
29679
44501
348145
533806
213295
669038
332871
573489
727705
984141
40358
610793
813449
891292
607491
17641
666828
4733
930710
112417
474045
483184
346178
653696
999988
938157
417022
256232
409344
365177
247722
439022
409677
595866
972828
137177
264905
305699
710665
506814
804044
265227
117607
617494
156519
239302
635134
823347
244034
80049
449968
718078
563232
310351
885979
77425
248508
817205
333656
657851
182382
581377
611078
106264
691448
583906
243440
470557
403809
954104
977370
207853
733535
609181
339551
890054
362687
488889
227606
606720
568937
191778
839002
646373
502128
239186
723797
750635
56392
57454
922691
752977
153035
533769
859240
844482
631879
102680
829243
35688
570988
64312
304524
929998
97296
708782
292685
100389
450592
413609
183531
156574
252612
829903
658702
491797
553701
923541
62393
125359
360437
815370
792597
894205
188815
637080
40289
291495
980527
75976
376687
301346
833720
195415
231344
445220
904196
38234
59813
868992
451842
243343
25567
218658
73247
198473
224660
141152
636218
287052
266510
996655
616626
59107
405065
805441
210391
445354
611140
190919
35534
987826
6469
383458
697446
237812
342882
115847
790249
402695
984839
756296
160242
524610
974953
233488
723082
199613
888843
873504
870
155353
384364
617495
728664
789429
937140
453259
748987
548280
158382
298725
50312
164850
682183
747757
916866
25065
863603
707115
941963
362647
8273
887256
438365
849897
124543
152182
738741
998047
153051
894093
382411
770546
136962
686044
221891
590221
949235
770171
262807
247961
334687
427657
444348
596648
858727
469412
974455
565842
925580
337103
543458
27786
6202
877682
863106
648208
616423
861153
315464
24722
757768
600214
675887
443813
822104
266108
393048
106480
43120
155213
441166
984980
599560
552018
843707
583177
526474
409549
508757
863576
467211
536542
602139
477442
928428
465245
125651
59057
326398
955318
83778
84167
555532
759664
42184
377636
539977
949435
484116
583096
104649
439486
568076
218413
991504
925987
801589
517978
849740
310346
895758
316952
361092
497897
794393
803725
963142
434248
862781
803744
389566
946558
887910
945097
220427
444298
836938
760403
393734
835258
857703
12587
788948
939983
230999
780452
865970
32589
812634
715711
857138
708392
546867
218231
206290
855464
21956
683636
289713
884736
487380
193483
345499
375291
652785
565925
333793
489723
840533
727526
839185
212441
740112
628133
152425
485316
922790
532599
517904
735424
762514
375042
958021
309381
107477
678515
164846
643636
362151
968762
528372
849530
162245
388075
739025
329234
954000
72819
818956
308738
314549
172346
521178
568866
800479
187807
54182
723269
234611
572085
972897
997124
461331
930918
820710
83013
609433
499760
726648
971583
982726
769225
821114
659175
157300
560139
988409
625504
147162
807365
934241
461711
979711
969624
544781
294395
671635
598962
17664
906245
685251
990560
417575
660786
435684
752489
743798
45117
252249
470447
16701
749179
239672
352019
408354
911175
426362
396763
536680
87729
718333
985125
549439
212249
468954
94220
506643
140590
207386
38511
561039
892636
543275
978613
553422
978958
731102
297221
24076
497555
281872
554980
246734
521543
421203
169293
946922
847564
566055
483602
935292
284388
982932
998935
496636
451886
607359
3279
592475
814744
555993
153515
221585
99269
646332
289212
78227
891639
586432
102302
389194
382508
171486
150133
418255
592688
319425
64573
399684
848779
403954
684072
831711
917094
180708
283597
524453
698191
390277
853402
254184
57996
74987
353452
704327
364198
945883
595966
464834
562389
499365
361546
733875
163702
779800
840767
483126
144978
795224
397014
993756
713383
81086
339672
630477
775998
137473
669134
988393
527749
522536
756781
585744
111728
624438
804276
990129
570321
400242
969168
132710
899606
330714
380789
63308
110515
221557
60638
255492
530985
457652
763452
244368
52942
103124
389049
343144
754800
58184
331537
796754
580719
88319
382498
206651
712756
700978
196781
797281
101221
165949
929990
515031
496662
310780
92544
607176
46541
667385
376872
577525
639241
140324
336098
692183
757651
239351
35327
26657
297534
881068
823410
392458
969386
720112
599108
196347
421091
310093
993627
522311
990245
437822
551546
486908
748601
644089
608288
309346
825679
9324
464920
639688
251378
157103
911544
490728
706634
938200
788262
587702
275815
694924
71293
995926
294032
267639
417017
118330
261266
453532
108575
213292
519283
109687
961893
163372
717975
785443
989050
217340
186519
968175
371232
952100
125278
796980
442829
346116
249385
745295
933817
525199
440219
5110
521126
248455
786952
452347
366784
562422
905879
475359
775714
939366
585045
251812
102738
817224
37255
605993
548768
737978
574168
920000
690078
213650
231185
647111
559766
480570
392406
7788
5769
832624
527102
41099
81080
828258
493446
447863
390681
913529
437426
166395
852895
536676
932410
469837
353900
969664
590034
902668
221847
678406
336873
911925
892056
82262
559036
966026
562831
465647
488018
82805
298271
529324
123903
893554
357583
131553
855622
748263
559286
293048
428862
926385
829723
361272
396223
697828
845140
500461
114701
66988
178868
965777
493117
585128
48039
566357
65359
125075
32004
67581
207879
844479
596905
845985
738033
468692
491743
593655
216955
51029
400908
160021
491619
230631
35497
402046
442663
880636
902506
557363
461828
595578
37345
954944
694910
85384
35507
760268
210458
67510
342054
932540
426193
938958
292730
164227
407650
784472
757881
138809
349706
672993
813033
841324
903624
848529
243370
860491
729165
145876
932059
190994
255659
969403
660142
950568
54787
695648
225042
779448
277363
567095
711988
703555
20258
518923
381986
427907
55455
80920
653100
327065
893952
8629
744893
742481
251998
605385
985850
912078
537444
176844
167737
506847
351191
632509
75839
46839
857550
369491
324201
424645
595684
541961
444902
114607
923946
387013
418001
578018
982136
585306
905083
876088
108139
649976
132774
360137
769565
118625
786419
307009
809672
468360
328061
160863
100869
918103
721906
472624
287594
560311
411473
883277
102272
370580
997883
540423
757592
930089
632645
739729
29600
537728
130022
137738
701909
777000
12079
471474
895624
798497
292688
219501
266857
620748
894568
881930
53056
130679
354554
340649
690989
766026
738131
307466
650810
250219
362093
408403
180308
994737
662336
724111
46671
306562
376054
748579
83562
388132
734257
493390
700834
26945
712891
481895
161897
121664
363825
214952
252342
232583
555601
457535
512814
293732
279205
163624
543950
641297
86231
238463
636035
262771
476778
682705
569333
852831
945488
652894
755168
679745
660489
456002
706690
887584
937896
382791
9248
301722
597743
775793
48509
667548
747532
561322
475484
26738
239151
533638
668034
325381
286305
818273
588152
763083
15183
157485
130119
960670
324583
885286
640416
499276
341288
861310
386860
279185
758305
910311
95111
356048
200309
657823
537800
947841
219146
13284
488783
458296
61127
671021
297881
347431
489295
886032
624718
18682
557721
754837
979352
396509
640123
133973
895784
495616
509487
282645
289005
267792
707160
384115
138045
907469
556142
675844
855310
775287
203333
858297
747787
778663
529318
45669
640298
18613
445905
265017
551499
3627
534058
530851
400135
688385
179028
295919
184001
688514
92768
473005
470510
799928
371324
608554
707397
927466
798603
76912
216958
516140
935208
478950
294803
464526
524618
935100
997343
484727
714321
548842
488353
248379
593897
888487
936764
772924
698611
120765
975642
791378
107975
446152
105511
479298
568911
812907
920968
881718
404023
137927
912062
339231
616876
721069
317962
655698
170374
315305
140425
884695
378351
142983
647278
972247
545674
584042
259376
244285
219012
749222
549868
841190
195374
655378
320488
278489
982490
241457
674411
386513
893587
586473
239949
24668
821746
557910
680365
992120
387419
334994
876815
279974
477976
524093
766425
23651
622340
25801
267935
355556
775022
332007
196746
484600
501590
31438
277294
484080
787098
465909
384797
680685
566587
138950
705352
388333
211064
899921
380453
598482
234916
771472
392660
18499
159085
736541
946314
699089
518681
301870
988315
850687
12820
472916
352277
44257
264414
350561
831355
730322
249563
26245
811113
388512
245802
199447
599576
659927
94104
712262
894842
865576
104923
121939
189551
72914
135865
963096
891364
437734
465616
742052
964757
938531
608533
9014
717149
959094
354573
961676
208657
895022
772789
111373
655028
486440
710948
314955
580544
423211
724002
446120
528133
845940
635670
306344
218624
285739
783644
109989
237677
249261
852040
202434
701996
974777
725651
419146
448076
80225
895026
170937
489451
667815
282310
144479
154256
993257
973637
734799
416468
697639
695123
944600
57784
844997
765149
276408
130736
548793
386396
368412
798053
752640
85050
500050
241622
810700
433400
689698
405129
328426
860634
894579
996240
142944
553262
664700
136202
526900
913703
66874
738743
123031
525679
310732
482232
290828
587139
612967
839620
487739
495583
637674
754583
94837
651928
510409
905537
85328
200107
310666
413753
574946
719450
924197
717889
272712
103103
368295
313816
16806
435169
566764
654041
475052
877495
136273
765879
978838
749240
605499
980781
759027
757377
735364
368069
409305
245773
273606
8837
960084
98476
422589
535030
817925
346787
252919
90638
964093
135419
918657
980898
84792
485421
634939
559843
877120
771212
325722
855958
34657
445425
836739
307888
717007
86308
675956
640516
846285
463766
649353
806369
89798
341399
380167
932932
108522
985008
897025
243940
903666
392129
842935
903291
541272
402778
780412
826688
728499
150575
375549
688129
987314
197642
405136
587826
387802
559856
434111
851568
209209
240480
413810
795355
96083
308181
242492
204605
293190
653722
962748
711060
560055
805684
128556
101327
208462
908967
442220
451166
59543
817768
653499
561061
15410
572839
148887
403212
132695
582998
768984
341904
337682
182794
651463
433765
5179
893954
638369
298368
547676
115322
523632
107731
435210
652188
723262
643672
75360
165482
609042
134902
497454
262541
210167
27069
349584
873258
430280
482278
456256
713468
338386
793937
896261
989848
227702
415644
398008
380275
228217
945683
9802
751848
567619
445011
404036
805085
602887
993600
970566
211929
642706
468020
988673
852873
9293
852461
726131
439572
334740
696591
667244
673125
490528
77710
177179
232435
493354
575186
126914
721570
35074
136715
473418
116897
581726
391659
921981
184613
385259
406752
910746
27965
388977
413624
395042
398269
266086
121173
352046
115030
331968
19290
788154
822496
97000
479537
569135
590353
54723
210253
311923
604001
346968
299545
720897
442898
205408
642879
141715
590666
49631
566665
132836
438607
980289
527877
836876
760579
163255
703126
875608
495222
722415
177967
831922
819414
171709
915261
923971
226431
125515
235894
830431
986686
49644
65534
429584
255051
708412
85503
359922
272247
652168
6962
225059
146662
49043
576139
907240
212297
279265
297053
221724
1680
989223
567850
335299
160932
997316
259270
901567
122831
9369
246203
623721
59012
311736
53305
828266
534352
653011
188188
806599
305179
195149
545862
451840
244192
122001
873284
970692
401265
684541
706620
917148
673765
274471
252447
834696
785991
25922
736263
908821
35290
982466
532542
94301
808406
100051
436771
342759
753061
624959
663562
572445
334312
209424
538489
578503
331424
411774
63401
246893
610519
770020
678245
798488
558695
444897
633185
344686
470818
883652
767711
20312
380323
814457
628816
702934
914507
65587
45693
181774
690545
709254
754218
24858
918677
292707
117565
764305
218685
180965
525402
829204
950985
717851
627692
23885
162748
775081
368571
633565
172939
136282
168081
67466
950739
796896
770399
379451
862483
816091
561224
553028
39550
315442
92090
472431
122354
209655
750940
341038
904823
276342
684446
855808
994193
826343
879693
671145
115629
762468
818915
802771
412954
986995
870237
363693
783892
640636
743144
646375
970932
818572
713607
524686
648219
805697
997117
770572
529556
748057
625814
434379
538604
824465
804392
47002
165013
198290
718146
280641
960757
537061
83413
373711
524057
467854
251609
822153
622694
508957
468528
593626
327529
182135
118313
489952
502036
629634
260524
31592
377691
400543
980175
430499
739212
784567
477500
904224
497061
195647
699069
972022
246912
296686
345733
770968
764539
111546
107326
387234
620502
575853
495064
462236
272193
127581
952187
774228
757214
726916
320025
649110
641663
300200
79609
380875
84767
71314
799303
96032
266960
498372
68054
513871
309263
927990
799044
73802
39537
906369
975239
174243
996427
984508
150683
268620
112089
102871
557052
383508
343991
877076
546822
985653
177276
626430
880732
776246
697743
680035
872277
478907
692611
940330
506983
1874
868321
820231
589880
422062
240805
79324
596304
237232
578036
746987
20056
204330
364062
577108
587837
222257
454184
134659
207910
145665
275293
602846
921910
487241
282881
308393
966147
489696
248723
987334
5775
631248
321770
595654
53310
562575
189182
163819
314011
767218
425010
848271
971547
789071
425379
73589
11328
393767
208247
733441
539431
997743
336287
975546
484984
133372
283939
965336
137272
46866
466875
143046
678114
788645
738699
245628
351220
442086
409446
179435
209304
834455
27706
695055
137731
967288
768643
149058
361056
491094
396703
414691
488837
732989
390237
488026
380565
674175
967566
517837
721041
434441
660882
399155
737290
913786
158987
602714
355872
568433
782149
79380
917092
809854
774434
54824
291348
543077
203881
652403
34171
600584
67094
37212
847777
971535
39442
742547
645710
7008
260384
57129
435470
280110
692943
349256
439097
295658
219332
521734
77807
298711
438826
401865
587349
493649
693212
644630
211735
1062
326523
441118
744421
688504
412653
783862
431051
58363
790870
205639
939318
746523
641109
733632
439466
990364
686933
735123
723901
722871
327134
536816
161698
243204
124166
169551
450620
283000
895489
310440
476005
736216
265762
220426
424721
678414
4288
369976
250981
309362
575615
704503
55885
216724
952340
9556
721292
639273
258883
445193
362145
586017
982009
38047
343425
620379
721801
794044
903378
131496
618688
379383
867711
884449
114013
806636
77068
632505
176613
328049
941866
752227
546756
997751
968950
499096
521511
690242
138370
780393
33322
880614
631649
566969
224039
252028
802974
532288
155406
934469
150976
48994
316386
549630
677210
123022
626697
309715
299634
468950
251582
51861
529911
763537
20811
29007
285048
225258
681580
65441
360693
210503
460260
506546
291676
684298
758573
94651
730790
428183
543324
881766
477176
373914
945600
154387
496936
86502
978305
796569
69657
229887
362635
599567
507628
897649
628573
792675
122907
310154
372321
997803
34861
832580
504349
326537
31083
777126
935391
761873
205310
478715
157844
682485
852629
103444
351076
863769
189945
329382
174543
259601
73473
51382
859167
581101
949031
1946
373776
586142
826303
260301
583946
861163
92881
602499
187700
638168
379626
123091
400041
584935
116011
72089
781624
482844
175532
132701
346613
879680
976286
35360
653486
563963
86742
26858
145064
35773
543007
33045
621914
369310
293345
720064
230474
900430
836768
418173
52803
216394
55469
20405
171479
39136
97157
168527
728871
744061
515139
122756
234552
64703
776241
798515
151444
317304
943578
701420
860310
490827
837539
229621
298377
71808
974298
198807
908575
906675
765813
124969
962143
732860
954705
647826
771995
51863
816352
500866
310128
845695
623621
544680
424603
914067
343195
576046
745575
800977
277467
605885
291805
629210
349710
590181
701017
324008
303192
609593
744888
69005
248766
221236
801864
203472
869062
88064
769538
199619
103134
79666
559519
240959
138550
984121
669230
995948
560167
414805
796926
351838
534895
602935
981047
884604
193116
196270
722817
10512
805862
467705
593720
568832
688940
909788
286508
72207
997851
570250
271826
615189
649916
345549
856147
302670
329670
39583
298619
889836
454387
609749
755879
989281
212684
251131
388091
920003
961604
625112
930514
281671
92817
524234
850503
295961
434022
651215
882372
946077
221466
668402
561266
871381
13951
931617
688255
343620
971199
986873
747660
939791
596622
503539
929072
323510
268875
831367
243513
230479
456479
174027
512150
63500
212465
876857
359461
646486
528072
756037
592563
749537
424439
668033
135123
438389
599651
823378
782008
85055
324456
529668
24846
435283
547412
953918
758792
330491
299490
2306
75174
755969
690536
587323
819468
903001
978384
693133
63692
506457
449170
656255
255994
873608
838492
905321
311997
438143
728699
608209
523198
567359
652082
62248
2642
199494
16166
275639
44189
829860
277944
119362
585829
482684
220890
919501
385685
199274
612635
449377
705730
576009
619836
475929
449618
458328
381250
275819
410676
624153
884028
448078
191512
536110
510325
708358
249808
40696
983996
79815
776144
927561
970588
258828
148451
890089
158718
347725
502724
122299
567659
592938
742134
43588
42556
714666
939041
832578
639546
563194
716606
87624
754706
766920
597949
463064
530932
152849
447060
339132
23404
737408
266694
993991
996235
415144
398285
154953
277073
415214
791455
844732
8152
47794
402524
50707
762460
341566
883284
916210
904759
114096
3835
173670
395220
115988
150938
926152
268836
112202
265284
806443
849609
531977
314639
360050
461326
712923
29207
738398
128137
820662
97335
136288
868455
499859
701198
145120
355629
98688
61331
774592
726987
65165
948262
122207
695356
613404
48359
478396
725606
827847
284839
89420
874028
113682
44762
826604
478676
587957
954741
299338
685291
605233
167793
699354
306432
312913
54983
919323
888447
829575
646310
467816
292042
768516
163172
905445
331080
641567
631051
673131
440610
234676
547159
554291
684144
882513
380895
162820
470470
849840
462157
669965
969278
144155
883524
789914
971271
938506
709237
859718
282286
869751
327534
574327
152472
4910
993977
997755
646476
139233
670886
601290
373908
218046
155581
58053
614763
50680
735076
85233
414725
711438
269402
384003
369797
152926
688121
341068
605637
911562
714990
402127
781313
556728
490659
933784
561637
484636
931540
722317
138073
602426
837811
511981
334676
993391
84238
949438
558275
819313
548875
487204
530751
818277
871206
900547
485407
73532
755819
605248
985093
985013
7376
766406
541741
498034
214396
617582
496874
145936
854103
634946
262566
691914
146927
597242
199510
231164
546680
271990
564682
95556
759193
95433
53579
510185
427648
218136
266004
32897
717434
765222
40272
483840
306963
52510
698235
438750
549383
358375
807057
184329
620941
13177
845460
732387
212686
590828
793271
998879
155510
888826
758073
765147
831067
416882
789536
258716
149222
569744
805816
866655
334966
360292
350496
156134
412801
562935
594883
476388
435515
401940
660716
570660
929320
20381
303047
142007
611209
96318
655090
280923
499349
927367
46070
844620
344249
835605
617540
493471
405350
423356
360126
254520
783647
224826
410653
196448
787761
5536
672835
737480
921680
847756
308140
851000
868136
611186
507211
993549
221708
676506
274473
235261
603873
834746
594086
948122
184557
211626
955797
589906
634982
315923
844425
932833
540749
769283
129282
842714
774818
316321
580194
210703
678281
402538
575908
60623
527928
597323
54172
749635
273829
842848
499101
877702
677595
93187
340029
862151
304812
295826
966261
453998
611748
324891
386832
666701
94174
30318
23620
383197
860842
118018
108104
539124
520555
198216
599746
48483
795539
168122
312323
583572
525175
811423
975478
202770
418814
315507
579125
237830
611332
59591
691828
737285
384481
592864
918190
992859
623181
456015
890260
998227
574032
998363
537351
608792
710784
651301
657274
506323
333628
969596
89895
858802
295224
579578
575776
228242
895084
154901
466072
20622
214491
672104
272111
113176
264968
704505
620239
402353
160520
510499
400580
734552
23068
452136
343344
733851
617641
514822
754378
951268
998623
844272
324275
293847
423850
900050
36294
833139
569155
502365
367965
297850
174469
640075
925230
953640
344580
545469
355993
19305
55969
270777
268061
593240
722912
125609
327091
854758
640430
81469
806026
639053
439945
644506
447105
378000
544556
483398
211139
627916
499967
579103
925765
674435
733382
850995
142280
592166
396465
498272
611470
966637
283253
879530
74082
520370
5139
401172
375128
159774
996844
695358
313031
436789
339864
760135
814788
398625
757737
540131
26541
771908
633438
466510
446343
881024
317506
102827
473191
228175
115303
84661
709016
398556
964191
783097
918925
483534
698473
808257
643307
695317
503615
956338
132106
357684
230678
461099
270513
502620
515434
83323
663077
763562
235076
544101
595272
337902
17292
337651
453205
616157
46667
365965
580348
343968
284890
578086
42441
607351
221394
251962
625170
691936
384068
982853
922613
359371
767570
939437
389009
64623
213966
52086
342390
963245
110392
451866
301147
127683
789517
268556
743839
350388
634520
838391
208561
433614
416478
251001
40965
152076
502963
666135
358216
401235
163193
280829
274810
930763
734471
663818
509590
948436
230109
366184
911681
340500
818050
727032
982386
121772
995588
240431
472159
630108
78822
680719
63723
9504
445925
618891
675783
463092
799230
33999
378531
962423
829032
653340
407391
563503
831362
431185
26144
575675
797369
937824
916174
129624
179061
57229
174649
653196
723553
318962
246222
918477
896888
769930
878606
515779
959917
341698
315010
508121
234433
791637
337153
401977
713232
414860
747543
658621
441003
323219
455990
893031
753597
99818
72092
166363
351212
760945
333763
588970
79907
579985
507447
976794
864119
900257
6778
824036
241955
835991
332157
990591
627628
183514
392568
855064
598373
140111
513686
553580
463329
483880
446611
731131
583698
32908
411698
934909
793852
745461
523879
873758
839650
545530
364757
217974
445787
885738
42010
201946
721730
888371
706741
863562
586089
99309
718627
698667
753624
746517
252247
731157
230397
213063
462288
328299
245970
873986
263209
554026
619447
301292
941988
973301
361027
820949
191275
321018
706687
747488
37169
428417
150064
743909
806184
250358
357423
59167
111047
785532
715475
842203
530133
442742
304492
858432
688711
692682
635845
756941
826333
451341
698929
799634
326572
519878
505113
647590
226566
252601
198963
169187
916869
457076
975370
167227
814498
14386
116251
925544
799917
345930
767748
330051
788672
586444
702687
477383
279126
338532
748529
105459
789872
447458
419297
630649
481541
924409
278239
708106
177010
991405
391497
93879
448481
366868
261105
262980
895457
891559
188524
695375
237490
470476
539630
26162
571124
242317
17749
850249
95053
766277
469912
399129
727940
889208
29778
209481
813617
822220
431791
504832
813625
823287
112915
776311
704359
888224
39291
599817
779783
742018
809396
531477
726699
349026
71843
297823
105547
89592
148073
714803
370073
132189
628136
612217
21398
657914
821697
349219
994338
767692
854050
322169
590980
481170
98480
809543
369394
137770
409360
663381
393992
218756
709063
120691
81986
780905
418514
701736
384701
80791
930743
268979
212979
558880
881195
748580
730998
702893
612004
725336
470585
466054
561709
575769
461428
660188
385313
345026
312162
308877
8408
706154
41838
231675
341049
638027
12580
759562
853968
911485
354557
784711
89706
343591
61659
344525
588793
278756
956528
828334
263546
936787
390043
839314
398215
564436
738831
743241
876597
561913
265853
19495
497527
438005
755981
510106
711771
609949
935795
66329
908865
116259
662273
252456
177918
6798
355454
456673
963326
183788
234423
900113
573830
73738
298328
652470
326773
555773
529068
402890
821625
140228
520844
319152
578232
276826
343463
804208
400979
279258
870536
309844
909721
47014
76505
87639
53811
431958
58516
17137
129950
292939
431454
217984
48516
870454
721857
799759
913726
124748
135590
53954
645591
454741
146391
436621
312408
950598
837600
105871
335339
661648
15592
382352
738152
617434
436162
684314
190154
967503
814263
997296
913161
546452
392381
157148
416906
114239
956907
330632
753190
92497
898789
398781
61442
45180
349607
888054
509982
187207
508129
845320
363059
523720
227672
101212
655358
178039
299730
845511
659746
628198
357013
572907
174650
749393
730055
105760
377836
201167
950595
131026
807867
849384
529807
383513
408769
393618
785771
918750
580824
293900
764071
943882
331824
505947
559298
987181
198190
373233
346898
857935
515635
218115
430843
690284
967507
675102
310248
345344
390473
260843
990573
198340
624431
520380
96057
33200
428202
881828
466155
9026
175728
744430
467113
507552
764581
540615
8938
962771
428052
355835
820706
943686
573949
765753
148175
55662
955059
972626
915209
345532
233469
905782
58076
372105
940367
154133
919508
368569
35961
385663
891799
725892
644297
358912
233444
408879
413731
242382
371650
355988
112421
706560
299674
200575
986518
962053
256236
941577
934679
171445
801314
682353
591431
859389
54458
531798
527726
973965
900367
77891
873833
792166
803783
518130
665282
37227
927008
593217
793812
812862
949204
420438
519423
31728
505941
725136
391452
961722
174020
77101
277241
856372
668531
650835
425034
200330
178561
913204
614901
256452
787037
407067
574439
819371
586553
611665
260585
179770
919682
73447
643179
340120
592869
406262
475336
613014
645602
866787
88942
819621
943887
366182
190199
126623
17017
615232
841156
709782
42641
456057
966233
829677
377328
540672
649049
963880
666541
909633
657855
100428
497284
301034
954751
90154
221500
430087
217372
867101
811078
306313
200927
269170
186700
905329
395793
203716
34767
236949
913497
77407
693006
393935
421289
584538
448811
70338
62624
629557
494175
720478
729984
991458
535716
684736
595816
757215
629027
327393
138521
440106
147910
853651
709275
334609
273186
105068
52530
822156
856221
480231
899562
549227
388371
320851
647969
837181
905392
710592
980942
913771
431070
710927
419435
480990
909867
15251
752409
538894
856847
405134
978999
4758
772990
688275
853570
46176
307547
906099
868331
163768
900535
282098
227199
288906
117154
875168
640291
536750
585760
621234
450522
531035
846365
384161
526229
756232
399411
278639
809330
256259
683772
788330
775220
456762
990809
628790
17142
298356
49095
399677
462124
949629
681775
689322
752739
313133
78695
907234
849882
664455
42673
814608
709694
889037
198769
235923
159474
112385
514561
483009
368643
712538
271339
658067
169300
262148
286857
700646
74708
335951
100323
536831
799784
296302
740358
66728
609434
819052
973962
459317
997711
16635
273925
707405
419877
472694
943328
93555
585078
972093
576563
467925
684631
847901
640196
368136
624253
927052
68782
213166
777208
683308
264201
91197
979610
4559
157925
589044
337816
131887
562565
849731
662725
836490
557137
82602
823388
14670
690361
922670
500967
266924
904799
185599
629030
544995
67939
767487
986251
650924
980652
277664
334232
244854
368861
828046
763616
526785
931295
615636
172876
493860
465368
835600
844554
536709
432407
667942
551378
122768
104817
52345
389691
523820
752147
532925
68815
820085
300413
88039
795269
332730
319446
554327
215795
661696
317944
97865
447784
429659
86852
427356
46354
964064
211871
113553
29647
334638
732573
81992
238533
256394
348343
771458
325208
682633
586075
894478
667846
381344
741413
501496
935671
471412
75719
213992
756183
215603
157855
357239
157164
937318
288645
121228
149189
916401
150875
998030
163179
747070
236564
419572
95413
522226
258985
778045
108301
667667
445892
3849
923284
947387
939519
394697
110580
221543
122893
380968
951350
280747
738206
108514
218066
541055
229741
367254
457456
380615
879489
620635
641889
630257
554411
737302
152483
813395
515347
774987
995267
475443
778835
918551
422831
232560
313248
47615
454102
436140
942786
405452
716887
680993
28170
934952
222048
257911
816410
193709
152730
695899
328548
794619
326156
397163
531921
992842
724763
561472
282034
720030
36916
575074
638581
973950
807633
951829
535769
775939
387969
478556
695596
104856
159549
723765
554012
895800
495880
884627
603713
648610
580526
446465
957433
420887
843628
3559
927933
568391
565030
4525
116150
785041
441206
604304
106879
393035
140074
882817
295209
618629
92618
914268
292382
330588
468281
702386
826467
867112
306100
66830
266769
946714
382729
110397
464477
310663
192992
543712
520630
995616
174066
819875
436823
778370
926753
829857
432648
809570
125066
565481
416393
39335
857862
746980
21820
560248
573447
888931
380552
76934
850773
647321
537852
747707
271922
2330
58370
979118
60246
93204
974734
234311
913078
411557
12681
354036
755619
445328
163606
394889
10809
579998
948427
382875
841182
970246
457328
928834
373382
352084
5768
224156
513609
543619
486067
785531
60153
58641
764649
120398
666048
253588
354709
79182
881593
447366
934968
841126
610971
329857
366139
705174
278285
749014
60561
762735
720546
989394
136118
72630
995161
874477
586239
52986
360544
885974
113138
419184
164828
747740
85232
932619
102449
692766
597764
498246
140132
532732
339372
751102
376794
705511
970480
655078
968729
31042
417813
689275
534640
553930
276109
529802
942611
376552
96992
303155
262526
210129
236543
941557
472073
835978
874177
88726
528744
986145
586972
668875
33083
926343
934182
409876
631854
418867
64954
69224
996970
804062
498753
65106
80172
542759
7717
456723
639750
825076
233454
364083
61619
689215
836156
411802
77597
924881
940545
63743
511853
123626
611029
952401
572012
20905
98460
990878
600062
213248
954991
111237
17310
967948
176342
611685
510707
184059
68409
150457
9135
816066
514539
584957
505281
864899
996758
97083
789781
451509
675029
815838
89339
286058
768239
661350
821166
866699
652228
935432
79947
121424
46669
611460
89372
737215
223146
114283
435478
805758
264739
36626
293483
543773
641309
63386
738391
948162
20450
413420
278206
109788
213682
46445
771137
34848
427348
937569
484484
21499
573198
45358
632959
176774
782572
370309
291057
218050
176067
555795
176866
312095
363482
234843
467608
521864
289579
206000
984230
310028
133624
262436
934019
347306
308881
705156
896357
736228
156931
895046
271932
730128
940403
904890
906901
722975
275199
712162
455229
965469
782162
146299
791768
145644
381141
74038
184925
465375
651738
9157
113204
914173
943176
974713
737258
162537
385275
987691
833671
280321
259623
78004
220724
164513
499110
457903
953915
211272
427336
433589
993433
573634
225357
139078
468980
484732
806584
168109
464312
972526
177265
91720
886700
634645
66433
138163
311387
451707
125854
659262
246233
385476
737266
466956
64193
236376
439064
532312
961851
866399
965900
955285
954238
705461
608567
937422
704398
929355
105531
168710
901882
796999
774633
302787
945849
841065
440949
257236
806976
81008
916497
53209
466483
167968
34370
44881
404343
473433
577192
880399
854036
57298
835684
322479
276963
958455
259901
981360
887810
365431
664274
789692
162431
438907
606683
108280
794176
561837
879719
601153
642844
310421
654361
109327
478389
688730
668411
396936
162163
245604
277335
530404
817105
627223
852882
94068
585678
626988
589633
473489
506623
253907
777385
183258
207019
384069
291537
1195
460110
685460
602347
102954
510086
256709
2810
459643
394896
899614
136011
640499
691154
666414
971808
318377
33501
580080
418260
660488
169713
891748
167112
93626
350369
144843
81611
156111
660241
541720
355775
262589
644673
865860
33502
885362
368539
493144
280258
782358
143359
434961
473512
809772
406769
306093
357478
986848
238557
532170
670766
644509
213486
608590
86655
753432
423662
748374
927877
965382
618353
190466
124260
484214
738171
9622
366957
745520
804083
663519
888878
239044
651235
212856
160017
471533
84538
146866
710089
616707
817631
354599
344398
940425
182446
422457
208062
606107
170831
135939
85694
789183
840609
724158
787601
578780
247984
668763
324300
52068
332282
727383
291111
497722
940238
451128
969254
24776
112198
679343
155687
444033
33942
500084
384458
730591
436745
592519
850903
121780
728457
450801
910963
569066
174959
212769
662051
422943
395736
500555
989214
242223
227938
280325
739944
682380
245657
709198
221360
357854
902745
377047
801886
936687
391335
186344
181483
828080
293067
32386
949859
21525
997391
375027
104795
172350
102001
766845
109497
497736
267401
98711
254163
9543
893240
994106
691923
138897
703304
427487
496751
606050
318738
812841
56942
710073
513390
752628
52358
806456
785014
516421
342185
296610
891448
961184
468959
507653
728029
92661
519593
509634
705575
773756
519177
598815
767862
725304
737712
985371
152791
748667
105626
471529
561508
676771
695806
74898
429399
748163
395559
728617
778788
737743
25227
670236
698927
8391
692093
941161
101051
211687
964999
806625
985442
484176
919645
753304
723684
171562
738675
390680
920228
358505
862208
995940
35276
72219
585043
464675
334586
980601
193292
113374
232549
218519
297815
445681
226909
989907
386842
842163
201594
351841
162993
187036
350222
82638
454545
588110
768403
707424
978789
688631
65930
355202
198777
101205
427420
783819
80084
762005
278625
273376
875379
511173
6099
173194
956853
233007
677305
857899
75170
878899
723945
238162
65935
588371
835004
520479
176481
603407
227904
669475
806243
808037
24677
5020
909241
452097
303043
989325
728306
581667
776905
603685
607044
783003
291083
563898
530214
968388
936001
605383
361492
174151
357749
427426
762521
706957
462110
453207
824569
204218
122682
630812
12255
147358
150036
435700
