6
98
101
128
156
278
308
428
454
459
481
491
501
576
638
749
896
1076
1115
1125
1191
1221
1232
1325
1636
1641
1689
1838
1901
1971
2165
2263
2292
2314
2351
2392
2506
2509
2651
2731
2830
2947
2963
3094
3318
3362
3599
3672
3706
3836
3939
3957
3999
4008
4132
4364
4934
5143
5241
5250
5499
5737
5742
5937
5946
6012
6134
6187
6224
6301
6519
6600
6717
6797
6876
7036
7196
7258
7341
7359
7559
7692
7782
7815
7985
7996
8073
8222
8279
8581
8660
8709
8918
8929
8969
9101
9230
9444
9518
9570
9689
9723
9817
9957
10072
10094
10098
10237
10428
10434
10435
10539
10853
10928
11100
11281
11366
11613
11633
11660
11711
11843
11857
11993
11998
12045
12054
12116
12132
12236
12393
12416
12438
12516
12612
12699
12785
12966
13029
13342
13395
13439
13452
13476
13617
13635
13708
13789
14001
14256
14335
14415
14429
14597
14626
14876
14975
14985
15110
15243
15366
15440
15491
15572
15613
15646
15711
15791
15887
15918
15998
16011
16173
16239
16552
16569
16586
16731
16873
16899
16931
17172
17210
17229
17238
17345
17698
17713
17807
17936
17963
18107
18130
18286
18921
19061
19180
19192
19204
19285
19291
19308
19379
19586
19595
19678
19724
19813
19932
20022
20060
20323
20396
20481
20488
20570
20670
20877
20904
20928
21342
21560
21594
21629
21708
21832
21847
21867
21870
21900
21990
22024
22231
22286
22433
22532
22895
22948
23016
23034
23086
23094
23147
23194
23217
23374
23712
23799
23805
24028
24082
24130
24167
24275
24319
24514
24816
24848
24872
24952
25127
25137
25160
25169
25300
25304
25338
25352
25389
25502
25518
25609
25742
25882
25891
25899
25959
25996
26058
26236
26273
26344
26365
26376
26684
26721
26817
26855
26881
26966
26970
26986
27181
27359
27744
27841
27872
27906
27931
28084
28229
28343
28459
28485
28555
28560
28589
28673
28717
28890
29091
29100
29140
29155
29270
29322
29374
29458
29795
29832
29877
29953
30041
30075
30249
30256
30316
30581
30713
30835
30990
31081
31122
31135
31161
31206
31224
31292
31665
31877
31940
32008
32068
32113
32210
32220
32330
32338
32569
32605
32636
32739
32777
32873
32890
33026
33233
33282
33284
33336
33348
33465
33550
33639
33739
33759
33807
33878
33897
34189
34219
34344
34416
34722
34745
34868
34934
34938
34942
35449
35451
35558
35562
35864
35876
35898
36071
36163
36187
36395
36437
36466
36652
36920
37231
37368
37498
37504
37535
37778
37786
37916
37947
38182
38215
38236
38461
38502
38739
38837
38981
39131
39141
39292
39410
39434
39593
39617
39828
39870
39952
40001
40049
40115
40178
40296
40452
40471
40559
40582
40966
41009
41022
41185
41274
41298
41352
41425
41493
41594
41706
41714
41730
41760
42155
42354
42494
42499
43080
43107
43362
43540
43672
43687
43721
43857
44187
44273
44383
44419
44474
44521
44710
44770
44898
44904
44919
44957
44980
45043
45241
45299
45593
45698
45761
45815
46356
46483
46498
46506
46509
46556
46710
46717
46721
46930
47091
47199
47217
47240
47299
47378
47425
47427
47441
47443
47560
47734
47822
47901
47974
48025
48204
48237
48300
48551
48644
48691
48736
48803
48886
48920
49007
49049
49388
49502
49558
49562
49643
49685
49786
49855
49942
49948
50013
50096
50111
50124
50138
50393
50423
50609
50624
50833
50937
51031
51075
51131
51332
51389
51444
51590
51724
51785
51853
52028
52119
52168
52171
52249
52270
52521
52659
52681
52687
52688
52903
53035
53173
53394
53438
53526
53612
53782
53878
53953
54036
54038
54092
54103
54240
54246
54248
54355
54423
54484
54485
54666
54800
54809
54865
55179
55240
55258
55276
55335
55463
55564
55698
56082
56178
56489
56578
56652
56763
56899
56995
57035
57122
57237
57526
57655
57755
57760
57854
57878
57894
58123
58329
58466
58567
58916
58932
59106
59175
59446
59602
59628
59653
59664
59734
59820
59847
59964
60079
60090
60099
60153
60162
60254
60332
60676
60814
61016
61172
61230
61252
61368
61629
61688
61723
61778
61948
62043
62102
62178
62214
62228
62241
62302
62362
62370
62430
62474
62521
62651
62675
62723
62754
62798
63218
63241
63281
63293
63463
63477
63860
63883
64106
64182
64219
64270
64499
64808
65023
65056
65065
65070
65187
65509
65727
65738
65833
65846
65908
66045
66173
66324
66520
66690
66879
66891
66939
66979
67138
67316
67331
67354
67489
67682
67719
67899
68392
68461
68484
68531
68546
68755
68931
68971
69028
69441
69540
69585
69603
69623
69647
69878
70065
70272
70299
70311
70486
70501
70514
70633
70887
70964
71086
71186
71215
71274
71746
71839
72051
72166
72320
72388
72395
72439
72487
72571
72658
72833
72931
73321
73322
73416
73434
73512
73523
73546
73596
73994
74262
74279
74512
74611
74644
74737
74895
74970
75098
75106
75155
75404
75454
75594
76027
76070
76104
76384
76501
76608
76751
76774
76924
76932
77006
77039
77175
77293
77294
77403
77604
77634
77886
77952
78158
78428
78439
78543
78620
78816
78973
79006
79013
79025
79044
79064
79225
79369
79371
79497
79605
79802
79824
79956
80197
80271
80390
80399
80483
80782
80801
80917
81067
81112
81145
81234
81365
81638
81656
81758
81830
81874
81890
82069
82092
82136
82146
82150
82246
82383
82533
82731
82770
82787
82822
83070
83152
83176
83188
83368
83411
83475
83535
83731
83742
83749
83960
84509
84518
84532
84697
84846
84853
84990
85021
85204
85302
85323
85326
85434
85511
85726
85764
86089
86252
86453
86521
86591
86607
86619
86697
86849
86861
87004
87008
87076
87109
87127
87135
87237
87271
87347
87378
87571
87596
87640
87815
87846
88047
88165
88241
88244
88295
88491
88688
89094
89250
89281
89378
89440
89467
89511
89512
89572
89649
89665
89720
90191
90194
90229
90361
90652
90780
90864
90903
90984
90995
91020
91057
91094
91104
91129
91225
91275
91396
91478
91479
91489
91492
91835
92140
92210
92237
92283
92421
92517
92629
92642
92745
92947
93017
93090
93105
93154
93279
93328
93339
93370
93621
93622
93657
93859
93995
94002
94220
94304
94317
94497
94831
94845
94958
94999
95022
95123
95180
95199
95207
95437
95587
95687
95722
95967
95991
96092
96104
96170
96182
96184
96236
96416
96454
96461
96479
96885
96902
97069
97128
97280
97320
97337
97398
97463
97551
97712
97753
97799
97850
97959
98020
98070
98275
98277
98279
98376
98406
98556
98602
98664
98934
99030
99053
99140
99255
99462
99636
99645
99887
99894
99919
99987
100058
100344
100348
100352
100416
100465
100486
100658
100681
100741
100757
100782
101141
101170
101393
101464
101493
101574
101732
102038
102160
102308
102345
102586
102669
102750
102752
102978
103153
103346
103380
103718
103735
103777
103966
103987
104015
104188
104230
104287
104376
104471
104538
104819
105403
105519
105582
105597
105659
105661
105762
105838
105899
105957
106211
106270
106306
106363
106463
106586
106714
106769
106925
107121
107138
107394
107451
107465
107605
107773
107803
107907
108016
108090
108378
108465
108825
108834
108882
109099
109219
109221
109316
109323
109535
109676
109678
109809
110306
110382
110493
110666
110701
110776
111011
111083
111104
111316
111507
111655
111715
111750
111760
111765
111942
111955
111956
112003
112050
112270
112471
112479
112506
112629
112919
113031
113131
113353
113547
113659
113698
113739
113800
113847
113892
113989
114012
114400
114658
114662
114739
114751
115036
115166
115395
116038
116124
116407
116721
116788
116807
117215
117246
117405
117411
117572
117731
117915
118035
118092
118196
118220
118518
118693
118711
118851
118905
119047
119056
119069
119161
119170
119261
119429
119544
119688
119715
119720
119799
119839
120006
120105
120159
120501
120508
120608
120655
120678
120689
120935
121003
121259
121327
121402
121566
121601
121646
121683
121739
121848
121919
121925
121983
121996
122050
122062
122063
122125
122132
122361
122390
122464
122541
122683
122728
122729
122783
123300
123420
123503
123727
123826
123841
124060
124094
124415
124438
124530
124723
124739
124784
124884
125194
125228
125350
125387
125409
125496
125541
125713
125726
126162
126264
126396
126535
126600
126734
126750
126797
127094
127257
127418
127628
127656
128019
128035
128094
128210
128263
128294
128363
128461
128583
128792
128892
128899
128970
129038
129157
129406
129561
129606
129671
129694
129724
129806
130224
130244
130331
130369
130383
130527
130695
130770
130830
130992
131148
131177
131568
131604
131623
131641
131655
131724
132171
132218
132224
132297
132711
132764
132814
132852
132909
132955
132979
133225
133700
133858
134216
134453
134512
134677
134728
134746
134763
134948
135143
135212
135241
135249
135410
135435
135528
135887
135976
136056
136087
136139
136158
136467
136476
136576
136611
136620
136678
136793
136845
136998
137034
137290
137698
137746
137776
137967
137991
138123
138212
138257
138357
138398
138407
138435
138545
138594
138999
139073
139146
139157
139301
139403
139596
139683
139687
139706
139817
139832
139971
139975
140249
140376
140682
140804
140857
140978
141099
141128
141253
141345
141412
141455
141556
141782
142255
142278
142302
142737
142935
143020
143081
143123
143263
143502
143581
143608
143659
143736
143801
144067
144121
144266
144270
144327
144475
144479
144648
144693
144702
144716
144759
144835
144878
145065
145070
145110
145193
145263
145359
145453
145494
145581
145610
145744
145758
145985
146004
146212
146601
146605
146650
146799
146805
146980
147104
147108
147181
147320
147328
147358
147360
147473
147583
147699
147715
147726
147840
147876
147898
147946
147955
148013
148024
148031
148160
148402
148518
148712
148775
149041
149043
149082
149146
149225
149257
149259
149262
149531
149583
149740
149778
150223
150339
150379
150491
150800
150812
150984
151215
151225
151243
151407
151598
151719
151814
152008
152073
152332
152402
152475
152497
152591
152744
153030
153137
153189
153201
153402
153570
153614
153617
153780
153795
153854
153882
153915
154074
154228
154398
154431
154473
154842
154863
154947
154992
155622
155694
155863
155956
156061
156173
156252
156296
156318
156483
156591
156592
156657
156729
156760
156827
157075
157125
157182
157213
157267
157391
157448
157477
157485
157729
157815
157816
157841
157998
158027
158055
158129
158203
158611
159190
159206
159227
159321
159399
159529
159536
159593
159749
159826
159910
159987
160142
160146
160371
160421
160446
160512
160554
160609
160772
160810
160843
161099
161186
161304
161352
161377
161396
161775
162017
162234
162263
162321
162354
162526
162579
162780
162898
163096
163158
163295
163811
163940
164040
164181
164223
164275
164277
164469
164472
164525
164565
164690
164739
164762
164855
164864
164884
164944
165113
165116
165119
165227
165283
165423
165518
165671
165886
165923
165927
166002
166020
166102
166131
166290
166659
166693
166699
166823
166913
166935
167417
167471
167476
167499
167518
167530
167594
167643
167647
167845
167852
167968
168039
168069
168095
168189
168224
168278
168329
168351
168376
168492
168552
168725
168895
168917
168951
169118
169215
169294
169390
169535
169945
170048
170078
170097
170169
170260
170778
170937
170954
171438
171484
171493
171573
171630
171664
171884
171907
172127
172234
172393
172411
172413
172448
172638
172640
172714
172724
172834
172837
172908
173028
173078
173239
173250
173256
173274
173412
173428
173604
173619
173655
173674
173772
173789
173930
173953
174099
174240
174265
174273
174278
174294
174535
174558
174598
174653
174675
174708
174737
174897
174912
175005
175029
175060
175194
175304
175369
175374
175426
175492
175573
175622
175674
175675
176146
176523
176561
176692
176702
176784
176857
176902
176937
177050
177188
177296
177347
177359
177378
177409
177507
177565
177594
177602
177716
177765
177789
177820
177906
177974
178013
178108
178127
178142
178152
178281
178423
178802
178811
178943
178980
179096
179134
179141
179226
179322
179365
179498
179604
179678
179692
179751
179825
179845
180561
180724
180728
180868
180896
180900
180963
181064
181350
181443
181496
181722
181730
181808
181909
181966
181971
182003
182006
182145
182217
182235
182318
182346
182812
182997
183185
183268
183317
183371
183386
183527
183618
183642
183668
183692
183964
183983
184071
184205
184305
184525
184897
184970
185011
185099
185203
185233
185236
185484
185550
185594
185601
185771
185775
185924
186446
186450
186457
186782
186802
187023
187179
187193
187217
187269
187321
187348
187355
187477
187501
187515
187518
187580
187587
187634
187663
187676
187817
187872
187989
188017
188128
188171
188283
188397
188410
188542
188615
188866
188926
189020
189098
189271
189421
189559
189613
189747
189816
189935
189949
190075
190183
190324
190374
190375
190413
190631
190708
190946
190988
191083
191086
191253
191260
191272
191405
191541
191603
191605
191655
191915
191926
191954
192066
192118
192219
192357
192423
192689
192694
192882
193092
193173
193270
193330
193383
193543
193553
193774
193978
194072
194149
194167
194170
194299
194342
194357
194498
194647
194791
194793
194851
195265
195273
195771
195868
195900
195914
196178
196311
196324
196520
196607
196774
196783
196842
196891
196985
197162
197165
197217
197270
197322
197705
197745
197747
197857
197959
198012
198431
198689
198917
198988
199149
199190
199278
199341
199581
199609
199963
199968
200025
200495
200663
201003
201046
201062
201103
201273
201310
201390
201417
201764
202021
202147
202148
202206
202473
202763
202997
203054
203057
203239
203274
203331
203332
203504
203516
203535
203632
203635
203641
203737
203779
203782
203874
203930
204024
204098
204204
204409
204420
204490
204610
204637
204767
204779
205027
205072
205126
205144
205242
205416
205570
205863
205896
205972
206088
206206
206269
206304
206541
206757
206875
206914
207016
207080
207325
207474
207497
207540
207543
207557
207741
207793
207848
208000
208053
208325
208736
208829
208885
208915
209640
209830
209866
209870
209891
209975
210038
210039
210236
210284
210314
210337
210689
210709
210900
211040
211073
211136
211215
211463
211642
211740
212073
212114
212149
212164
212184
212255
212445
212527
212596
212661
212682
212722
212821
212860
212894
212905
212925
212964
212966
212980
213000
213143
213182
213189
213262
213328
213437
213742
213988
214005
214027
214191
214314
214397
214782
214796
215250
215257
215307
215341
215671
215875
215892
215896
215941
215973
216049
216136
216244
216376
216617
216618
216702
216803
216887
216953
216984
217183
217202
217326
217366
217724
217813
217904
217925
218158
218333
218396
218707
218952
219031
219122
219283
219410
219488
219550
219559
219594
219719
219732
219735
219856
220171
220335
220356
220469
220594
220803
220814
220837
220860
220904
221060
221148
221255
221292
221626
221627
221797
221864
221890
221923
222224
222225
222274
222303
222316
222574
222672
222847
222913
222949
222959
223021
223299
223370
223450
223500
223532
223638
223782
223786
223895
223934
224265
224330
224447
224888
225017
225057
225270
225638
225960
226168
226363
226395
226568
226618
226757
227136
227286
227316
227362
227537
227701
227823
227928
228138
228146
228264
228279
228336
228374
228539
228674
229024
229155
229182
229220
229281
229285
229304
229409
229682
229808
229840
229944
230084
230139
230186
230231
230236
230339
230514
230579
230753
230880
230914
231027
231124
231273
231284
231370
231371
231404
231564
231650
231726
231746
231778
231981
231984
232174
232184
232372
232606
232757
232829
232900
232904
232968
232997
232999
233016
233080
233475
233510
233550
233565
233575
233598
233622
233886
233924
234074
234090
234140
234284
234304
234534
234539
234554
234556
234632
234964
235077
235434
235578
235607
235672
235706
235736
235790
235910
236149
236174
236233
236403
236474
236544
236694
236714
236892
237066
237199
237345
237356
237644
237673
237769
237820
237826
238119
238212
238255
238263
238352
238467
238601
238772
238820
238864
238865
238892
238942
239218
239262
239470
239478
239551
239696
239742
239943
239946
239960
240060
240167
240276
240349
240377
240430
240638
240684
240776
240986
241116
241174
241178
241211
241273
241321
241391
241610
241735
241851
241965
241971
242020
242021
242204
242447
242498
242503
242509
242626
242726
242986
243071
243374
243680
243686
243741
243891
243922
243989
243992
244272
244310
244340
244348
244468
244529
244764
245001
245027
245042
245052
245109
245232
245318
245445
245592
245893
246193
246206
246420
246437
246460
246503
246571
246629
246695
246710
246990
247111
247325
247332
247361
247788
248157
248303
248331
248468
248541
248595
248620
248839
249055
249086
249117
249196
249412
249419
249427
249436
249889
249934
250030
250101
250301
250345
250392
250445
250558
250589
250887
250938
250942
251049
251060
251117
251340
251354
251355
251510
251603
251747
251893
251900
251953
252080
252107
252152
252265
252273
252298
252416
252659
252672
252683
252776
252850
252858
252872
252935
252960
252997
253206
253224
253225
253274
253311
253341
253554
253570
253671
253696
253859
253939
253940
253978
253982
254050
254157
254168
254326
254341
254444
254601
254758
254949
255033
255057
255091
255099
255127
255156
255163
255172
255504
255520
255743
255806
255849
255871
256074
256156
256201
256210
256370
256480
256538
256732
256736
256744
256801
256956
257167
257320
257827
257869
257954
257996
258575
258712
258717
258768
258780
258910
259079
259087
259134
259278
259288
259318
259501
259579
259587
259680
259699
259783
260112
260134
260243
260293
260335
260336
260364
260434
260725
260835
260871
261224
261303
261311
261387
261388
261442
261583
261597
261601
261634
261715
261790
261896
261967
261970
262131
262150
262312
262315
262479
262695
262717
262836
262938
263094
263219
263245
263261
263416
263793
263816
264350
264567
264578
264765
264835
264861
265009
265033
265123
265135
265347
265569
265580
265690
265776
265811
265921
266117
266219
266350
266375
266388
266558
266636
266789
266880
266990
267145
267169
267252
267489
267571
267691
267756
267795
267991
268146
268153
268164
268266
268332
268347
268412
268583
268602
268719
268750
268848
268990
269053
269081
269223
269340
269543
269717
269973
270193
270316
270400
270408
270442
270487
270899
271094
271110
271181
271255
271261
271359
271500
271785
271913
272030
272057
272075
272150
272278
272483
272532
272856
272908
273068
273212
273222
273504
273617
273677
273757
273787
274029
274103
274244
274747
274969
275004
275088
275225
275290
275324
275418
275551
275644
275791
275812
276019
276132
276183
276279
276292
276345
276459
276864
277034
277104
277141
277161
277171
277189
277214
277272
277469
277524
277753
277798
277803
277845
277847
277867
277979
278074
278127
278148
278223
278278
278317
278390
278438
278533
278596
278827
278837
279017
279203
279339
279377
279600
279624
279743
279767
279862
279959
280126
280178
280413
280622
280674
280812
280838
280897
280921
280971
281087
281129
281371
281536
281577
281596
281791
281925
282041
282045
282128
282355
282426
282522
282725
282942
282978
283124
283193
283223
283387
283388
283643
283650
283701
283703
283772
284023
284024
284109
284426
284516
284719
284857
284956
284988
285065
285084
285364
285512
285575
285595
285605
285610
285687
285720
285957
286343
286398
286444
286598
286790
286828
286922
286945
287098
287132
287406
287473
287477
287520
287560
287588
287874
287953
287967
288007
288012
288078
288413
288420
288457
288511
288540
288557
288791
288846
288888
288896
288954
289053
289058
289152
289237
289417
289488
289494
289621
289686
289720
289746
289827
289831
289851
290014
290048
290144
290223
290355
290531
290563
290624
290932
291132
291190
291215
291269
291351
291423
291455
291468
291479
291523
291559
291617
291661
291712
291774
291792
291899
292029
292080
292172
292239
292332
292620
292738
292740
292775
293013
293032
293145
293195
293324
293432
293545
293552
293553
293616
293798
293964
294023
294102
294479
294684
294779
294935
295138
295179
295194
295304
295324
295390
295481
295490
295493
295663
295685
295736
295768
295836
296456
296527
296539
296663
296993
297015
297053
297075
297113
297175
297270
297319
297505
297932
297936
297980
298057
298228
298411
298469
298582
298777
298953
298975
299019
299232
299302
299396
299400
299428
299440
299510
299643
299670
299672
299732
299863
300042
300046
300115
300169
300188
300242
300255
300274
300422
300589
300698
300761
300817
300954
301032
301199
301227
301271
301580
301589
301614
301677
302066
302132
302172
302310
302329
302373
302411
302570
302588
302633
302748
302763
302788
302953
303001
303126
303164
303335
303346
303575
303583
303672
303678
303734
303883
303921
303949
304144
304349
304556
304855
305093
305114
305121
305214
305284
305485
305557
305578
305580
305709
305787
305836
305847
305863
305871
305928
305940
306125
306258
306423
306457
306504
306564
306777
306856
306886
307184
307328
307336
307359
307517
307533
307543
307834
307837
308278
308780
308818
308857
308938
309013
309308
309327
309434
309494
309500
309592
309597
309633
309923
309946
309988
310017
310076
310081
310098
310297
310385
310438
310526
310586
310988
310993
311110
311268
311335
311366
311630
311755
311872
311879
311953
311968
312086
312150
312174
312331
312377
312405
312414
312427
312491
312531
312609
312773
312776
312807
312920
313009
313112
313201
313317
313327
313355
313414
313439
313473
313567
313659
313829
313855
313882
313959
313963
314019
314073
314582
314621
314645
314702
314823
314893
315098
315152
315342
315401
315468
315627
315682
315683
315704
315738
315944
316068
316094
316215
316261
316264
316281
316488
316514
316595
316626
316706
316783
316786
316854
316893
317069
317098
317316
317411
317600
317758
317777
317816
317823
317912
317916
318016
318159
318166
318210
318213
318366
318579
318739
318813
318836
318846
318859
319068
319345
319524
319743
319751
319780
319918
319941
320027
320063
320152
320277
320383
320396
320471
320540
320795
321094
321171
321332
321404
321506
321685
321686
321745
321749
322079
322081
322177
322194
322272
322312
322401
322733
322766
322877
322936
323192
323221
323266
323278
323432
323461
323717
323846
324135
324270
324388
324415
324443
324465
325134
325286
325329
325333
325569
325639
325881
326005
326016
326186
326206
326348
326436
326630
326649
326731
326895
327171
327249
327361
327390
327417
327505
327554
327618
327659
327753
327882
328008
328092
328218
328312
328690
328693
328818
328952
328955
329300
329406
329416
329601
329616
329690
329697
329800
330045
330056
330059
330087
330313
330369
330373
330386
330446
330592
330658
330707
330710
330732
330883
331096
331123
331201
331211
331250
331279
331307
331411
331435
331557
331626
331644
331648
331856
331887
331902
331997
332081
332196
332233
332384
332423
332555
332702
332722
332780
332925
332936
333024
333099
333255
333345
333447
333520
333545
333611
333759
333862
333887
334096
334128
334863
335009
335166
335282
335323
335329
335338
335418
335502
335699
336071
336221
336294
336393
336437
336451
336481
336707
336716
337029
337085
337102
337157
337199
337414
337509
337556
337610
337740
337819
337822
338368
338436
338469
338729
338893
338927
338957
339127
339321
339502
339535
339547
339864
340034
340137
340256
340301
340474
340492
340562
340696
340734
340957
341186
341192
341511
341536
341664
341978
342009
342016
342398
342419
342488
342613
342688
342791
343031
343217
343230
343244
343409
343461
343589
343777
343852
343889
343902
343994
344192
344209
344247
344329
344354
344424
344490
344497
344576
344688
345249
345333
345368
345437
345581
345716
345877
346113
346294
346414
346569
346572
347070
347088
347331
347451
347562
347688
347775
347796
347807
347944
347983
348005
348019
348066
348392
348463
348535
348630
348685
348712
348876
348997
349100
349121
349134
349176
349204
349236
349318
349380
349560
349642
349676
350016
350032
350070
350082
350208
350422
350453
350544
350589
350769
350941
351004
351010
351078
351337
351383
351414
351540
351628
351920
352036
352138
352325
352402
352497
352615
352771
352848
352851
352867
353016
353049
353231
353296
353302
353404
353410
353413
353474
353639
353914
354032
354125
354179
354269
354425
354459
354474
354643
354771
354778
354951
354968
355115
355212
355432
355632
355729
356033
356114
356214
356401
356518
356660
356727
357011
357134
357279
357395
357444
357455
357701
357846
357875
357904
357913
357944
357961
358112
358187
358388
358430
358447
358659
358662
358684
358721
358818
358920
358991
359178
359192
359326
359563
359967
359975
360192
360476
360575
360602
360629
360877
360891
360924
361158
361186
361204
361285
361347
361409
361439
361712
361773
361779
361894
361926
361987
362119
362225
362367
362442
362481
362643
362655
362700
362770
362854
362992
363039
363196
363224
363383
363552
363651
363815
363868
363974
364038
364335
364371
364424
364435
364524
364612
364655
364762
364795
364932
365211
365332
365480
365604
365674
365708
365772
365784
365795
365861
365912
365915
366137
366169
366454
366504
366648
366748
366749
366785
367026
367076
367108
367206
367230
367476
367704
367743
367766
368291
368768
368839
368853
368871
369010
369162
369180
369537
369697
369742
370031
370082
370084
370142
370242
370269
370305
370312
370380
370414
370817
371029
371403
371460
371622
371699
371738
371909
371988
372107
372384
372481
372724
372793
372842
372855
372892
373124
373284
373295
373426
373681
373774
373786
373846
373925
374044
374053
374162
374464
374681
374817
374872
374964
374983
375087
375146
375252
375526
375613
375875
375903
375952
375988
376002
376166
376288
376322
376350
376490
376539
376562
376652
376888
377319
377497
377574
377606
377609
377689
377842
378195
378334
378341
378418
378560
378592
378612
378646
378735
378780
378876
378944
378951
378973
379066
379340
379418
379455
379476
379500
379553
379561
379658
379666
379695
379856
379863
379891
379955
379970
380068
380269
380319
380398
380407
380426
380659
380949
381134
381142
381176
381397
381530
381616
381776
381871
382104
382106
382187
382211
382533
382564
382609
382697
382738
382766
382771
382845
382846
382870
382889
382903
383087
383221
383512
383519
383722
383772
384239
384309
384423
384427
384477
384527
384649
384721
384826
384932
384975
384981
385042
385127
385243
385268
385280
385386
385461
385497
385501
385583
385689
385781
385840
385893
385922
385928
386239
386307
386337
386381
386494
386588
386592
386679
386730
386754
386787
386804
386807
386922
387040
387052
387075
387291
387325
387331
387335
387426
387530
387763
387797
387807
387847
387870
388227
388286
388319
388341
388559
388720
388842
388861
389044
389152
389342
389381
389389
389420
389446
389465
389467
389736
389832
390448
390485
390499
390642
390667
390769
390830
390873
390930
391103
391211
391333
391507
391611
391747
391832
391906
391941
391995
392130
392135
392235
392237
392271
392626
392645
392738
392792
392818
392827
393033
393061
393075
393180
393458
393519
393532
393591
393598
393699
393712
393737
393819
393926
393961
394011
394017
394157
394516
394533
394705
394737
394783
394864
394872
394922
395055
395100
395199
395231
395238
395287
395426
395448
395528
395872
395916
396003
396049
396236
396318
396377
397033
397092
397195
397210
397277
397392
397491
397527
397767
397836
398035
398057
398058
398173
398198
398212
398241
398399
398413
398603
398614
398635
398640
398678
398901
399000
399146
399307
399346
399438
399683
399753
399777
399797
400044
400069
400102
400130
400270
400300
400425
400499
400551
400649
400720
400731
400801
400805
400824
400873
401088
401178
401298
401470
401477
401589
401783
401845
402083
402114
402202
402278
402324
402387
402412
402443
402630
402651
402738
402927
403020
403046
403047
403102
403115
403278
403542
403565
403583
403619
403654
403686
403692
403734
403776
403877
404014
404094
404109
404264
404284
404460
404685
404724
404761
404804
404824
404884
404921
405114
405306
405320
405415
405418
405436
405489
405513
405544
405593
405717
405786
405823
405923
405936
405985
406212
406468
406557
407157
407202
407225
407361
407453
407462
407794
407942
408068
408112
408295
408456
408492
408785
408839
408884
408913
409001
409062
409071
409087
409154
409305
409320
409393
409420
409600
409618
409716
409783
409805
409832
409896
409910
409917
409921
409923
409949
410056
410178
410301
410430
410777
410953
411139
411246
411321
411509
411740
411770
411776
412024
412072
412087
412196
412274
412326
412348
412475
412520
412814
412868
412948
412999
413000
413313
413316
413644
413707
413745
414068
414080
414143
414349
414469
414650
414814
415016
415364
415451
415488
415597
415741
415885
415984
416216
416442
416479
416486
416489
416512
416528
416533
416613
416629
416641
416738
416761
416838
417098
417170
417195
417331
417361
417461
417591
417689
417814
417826
417881
418247
418315
418318
418410
418432
418455
418524
418878
419281
419346
419381
419389
419417
419478
419644
419671
419839
419845
419904
419939
420445
420534
420602
420617
420711
420764
420828
420852
420883
420911
420928
421113
421242
421443
421487
421534
421593
421761
421780
421808
421853
421962
422152
422213
422289
422451
422690
422811
422891
422897
422916
423488
423505
423663
423813
423825
423860
423890
423894
423956
424037
424055
424336
424411
424412
424500
424529
424675
424789
424866
424900
425045
425161
425172
425259
425321
425322
425392
425441
425701
425780
425781
426200
426244
426316
426322
426483
426494
426583
426585
426649
426990
427181
427237
427276
427292
427293
427678
427705
427809
427944
427996
428016
428125
428177
428524
428810
429005
429110
429116
429190
429215
429597
429635
429747
429851
430119
430178
430269
430344
430355
430490
430608
430647
431007
431125
431402
431433
431520
431655
431716
431969
432073
432173
432248
432334
432342
432404
432457
432646
432776
432995
433070
433185
433296
433540
433584
433703
433802
433838
433907
433922
433928
433983
434067
434072
434115
434153
434176
434213
434263
434363
434477
434623
434706
434929
434954
435119
435301
435342
435364
435451
435518
435571
436005
436099
436956
437059
437060
437087
437101
437233
437293
437309
437374
437426
437556
437648
437659
437717
437772
437822
437960
438087
438112
438513
438515
438926
438994
439011
439067
439122
439163
439185
439451
439476
439757
439760
439846
440114
440184
440256
440426
440534
440808
440906
440955
441108
441137
441258
441785
441909
441916
441952
441957
442172
442189
442200
442265
442302
442306
442322
442617
442656
442662
442672
442687
442981
443098
443176
443209
443277
443365
443467
443500
443521
443742
443793
443854
444211
444393
444481
444829
444963
444999
445134
445406
445488
445499
445549
445652
445877
445960
446533
446573
446613
446772
447086
447115
447139
447266
447341
447551
448061
448177
448320
448413
448429
448499
448784
448794
448857
449357
449550
449685
449731
449739
449804
449951
450133
450336
450555
450655
450878
450889
451032
451059
451134
451189
451221
451242
451243
451246
451367
451393
451420
451502
451581
451739
451782
451986
452085
452123
452143
452251
452271
452282
452285
452301
452411
452551
452644
452665
452765
452768
452777
452822
452834
453006
453016
453028
453050
453078
453275
453592
453593
453658
453696
453738
453780
454220
454239
454394
454495
454556
454799
454911
454939
455105
455130
455166
455335
455363
455418
455774
455830
455977
456041
456059
456163
456175
456210
456318
456488
456508
456614
456697
456882
456935
457154
457162
457336
457377
457429
457692
457985
458031
458274
458409
458420
458464
458548
458658
458660
458661
458723
458797
458833
458853
458973
459039
459248
459276
459341
459361
459400
459437
459448
459459
459563
459711
459722
459725
459733
459837
459893
459899
459928
460032
460203
460217
460244
460307
460337
460506
460528
460561
460679
460701
460739
460797
460929
461063
461122
461169
461239
461539
461608
461637
461756
461825
461875
462116
462154
462219
462295
462399
462535
462660
462834
462880
462939
462999
463261
463320
463353
463360
463381
463617
463697
463803
463808
463879
463912
463924
464190
464439
464483
464543
464710
464764
464826
464850
464983
465012
465059
465136
465187
465660
465897
465959
466062
466125
466208
466274
466293
466476
466654
466745
466828
466883
467191
467311
467550
467554
467911
468161
468180
468185
468203
468275
468429
468432
468756
468877
469093
469112
469295
469393
469646
469661
469732
469907
469919
469975
470007
470036
470200
470216
470401
470623
470663
470687
470796
470839
470858
470891
470953
471174
471220
471250
471278
471349
471519
471525
471634
471873
471945
471959
472410
472623
472683
472719
472736
472953
473023
473162
473375
473598
473613
473651
473769
473984
473999
474018
474028
474209
474289
474406
474416
474435
474480
474516
474526
474643
474686
474751
474793
474852
474859
475045
475054
475139
475154
475237
475423
475444
475486
475642
475929
476334
476344
476381
476410
476418
476526
476582
476676
476940
476999
477024
477034
477161
477191
477289
477360
477735
477888
477907
478019
478048
478307
478326
478375
478425
478596
478755
478847
478893
479034
479045
479075
479151
479423
479430
479442
479615
479648
479684
479780
480014
480062
480146
480170
480184
480214
480311
480571
480663
481225
481226
481304
481341
481388
481441
481474
481552
481590
481745
481922
481940
482068
482307
482486
482590
482611
482621
483002
483045
483047
483073
483128
483306
483820
483831
484005
484053
484092
484113
484361
484370
484446
484497
484546
484554
484611
485100
485183
485268
485305
485365
485438
485443
485490
485584
485616
485771
485855
485900
485928
486060
486066
486145
486222
486429
486553
486628
486642
486808
486823
487026
487062
487076
487225
487368
487651
487882
487917
487924
488146
488300
488363
488422
488442
488632
488758
488890
488921
489053
489171
489287
489389
489396
489446
489489
489694
489723
489895
489941
490156
490215
490620
490704
490782
490805
490899
491224
491226
491667
491685
491867
491892
491908
491981
491994
492046
492149
492193
492197
492413
492444
492460
492639
492674
492724
492937
493045
493100
493159
493324
493366
493434
493443
493525
493612
493652
493756
493829
493836
493980
494009
494017
494211
494257
494438
494452
494468
494679
494712
494770
494780
494827
494876
494940
495054
495100
495120
495153
495200
495577
495682
495757
495874
495887
496008
496172
496287
496318
496399
496589
496621
496735
496749
496759
496911
496967
497035
497077
497161
497182
497479
497494
497571
497733
497970
498004
498115
498244
498361
498384
498484
498487
498541
498866
499063
499268
499463
500013
500069
500143
500180
500356
500411
500444
500519
501116
501253
501306
501332
501351
501546
501652
501835
502059
502075
502357
502438
502508
502579
502621
502921
503249
503256
503299
503474
503669
503732
503756
503830
504073
504329
504332
504488
504692
504825
504872
504892
505258
505284
505346
505479
505554
505621
505864
505975
505993
506008
506025
506078
506282
506293
506526
506608
506716
506730
506752
507216
507221
507335
507500
507525
507581
507731
507848
507854
507972
508733
508780
508789
508814
508815
508823
508827
508937
508992
509067
509079
509109
509331
509367
509610
509812
509814
509896
509903
509933
509944
509980
510222
510230
510265
510377
510381
510531
510615
510696
510778
510830
510954
510982
510990
510997
511027
511239
511550
511565
511745
511754
511769
511819
511864
512020
512111
512242
512366
512396
512461
512481
512555
512621
512660
512731
512738
512814
512840
512853
512865
513023
513054
513152
513156
513163
513201
513230
513253
513306
513379
513493
513517
513614
513652
513777
513933
514327
514340
514347
514454
514564
514611
514680
514766
515012
515212
515290
515440
515500
515509
515623
515857
515863
515960
516060
516114
516313
516361
516527
516728
516900
516920
516960
517106
517138
517155
517282
517284
517603
517726
517758
517819
518060
518301
518385
518409
518418
518546
518677
518813
518827
518840
519075
519095
519149
519197
519452
519557
519716
519729
519895
520025
520143
520676
520710
520846
520961
521011
521090
521134
521258
521350
521383
521414
521746
521752
521755
521778
521862
521879
521892
521917
521927
521987
522357
522438
522596
522893
523057
523158
523259
523280
523300
523336
523375
523392
523407
523758
523815
523858
523943
524162
524165
524325
524369
524691
524721
524763
524774
524776
524833
525084
525438
525440
525457
525634
525903
526205
526293
526304
526323
526350
526352
526365
526463
526464
526638
526733
526967
526971
527060
527112
527142
527153
527221
527597
527666
527671
528215
528584
528587
528933
529038
529060
529260
529396
529408
529490
529492
529524
529550
529569
529858
529874
529958
530001
530104
530122
530153
530381
530384
530477
530566
530687
530769
530904
530961
530991
531097
531121
531145
531212
531441
531679
531947
531970
532034
532157
532379
532432
532512
532661
532900
532989
533312
533383
533502
533743
533880
534231
534295
534304
534362
534784
534798
534822
535039
535096
535105
535142
535177
535186
535209
535283
535290
535316
535625
535643
535664
536336
536450
536565
536652
536883
536926
537179
537322
537468
537763
537773
537958
538027
538029
538046
538075
538099
538230
538269
538291
538330
538445
538456
538479
538584
538617
539094
539151
539340
539386
539403
539559
539792
539836
539975
540012
540048
540080
540087
540161
540208
540470
540522
540535
540729
540733
540800
540857
541029
541168
541303
541317
541372
541470
541499
541542
541586
541632
541653
541694
541866
541871
541886
541977
542040
542108
542114
542146
542194
542199
542232
542246
542271
542277
542334
542340
542426
542484
542629
542763
542839
542957
542959
543071
543176
543353
543418
543544
543806
543919
544041
544088
544374
544461
544476
544782
544796
544900
544905
544938
544999
545246
545328
545435
545444
545516
545529
545562
545565
545681
545836
545866
546071
546226
546369
546487
546517
546544
546576
546728
546881
546900
546972
546978
547008
547036
547074
547110
547238
547353
547381
547407
547477
547561
547679
547682
547832
547855
547950
547970
548059
548122
548139
548188
548226
548357
548421
548571
548611
548810
548822
548892
548964
549365
549368
549497
549564
549682
549804
550006
550065
550069
550425
550476
550504
550826
551034
551151
551325
551348
551393
551572
551654
551768
551809
551830
552067
552100
552254
552316
552641
552736
552850
552905
553009
553120
553125
553300
553362
553405
553514
553574
553757
553759
554028
554223
554325
554410
554453
554498
554501
554619
554640
554820
554836
554967
555099
555200
555209
555244
555364
555435
555553
555620
555625
555828
555891
555919
555938
556217
556308
556413
556507
556573
556624
556646
556914
557018
557066
557087
557153
557161
557238
557294
557303
557367
557389
557499
557608
557719
557987
557999
558056
558276
558280
558319
558360
558429
558483
558709
558805
558906
558963
558969
559084
559088
559165
559206
559376
559498
559719
559797
559991
560182
560263
560264
560390
560869
560894
560905
561170
561280
561334
561339
561455
561693
561758
561765
561884
562170
562173
562218
562237
562295
562322
562381
562400
562526
562534
562863
563187
563193
563239
563337
563550
563837
563878
564307
564316
564319
564506
564512
564654
564765
564916
564969
564989
564996
565029
565031
565264
565412
565448
566103
566221
566438
566531
566630
566639
566674
566683
566807
566876
566927
567044
567103
567514
567528
567676
567727
567728
567812
567933
567946
568124
568191
568458
568670
568683
568866
568927
568998
569058
569124
569226
569346
569364
569523
569688
569928
570070
570081
570082
570130
570190
570205
570391
570412
570528
570690
570802
570828
570834
570878
570970
570982
571000
571036
571109
571129
571171
571233
571365
571513
571954
572034
572189
572214
572226
572313
572328
572424
572754
572771
572819
573034
573188
573250
573270
573397
573820
573864
573944
574211
574282
574465
574592
574748
574849
575051
575546
575588
575701
575826
575829
575864
575948
576046
576160
576168
576460
576847
576883
576983
576997
577084
577092
577103
577369
577398
577484
577747
577823
577911
577950
578040
578292
578477
578525
578553
578611
578758
578798
578811
578813
578881
578921
578989
579002
579159
579184
579311
579386
579531
579669
579683
579748
579786
579797
579821
579837
579890
579896
579914
580097
580242
580263
580387
580470
580693
580826
580911
580930
580961
581028
581180
581340
581501
581656
581666
581789
581808
581873
581882
581902
582154
582159
582231
582383
582391
582683
582730
582785
582812
582892
583044
583217
583335
583469
583576
583726
583789
583834
583902
583945
583983
584034
584353
584739
585299
585311
585416
585452
585641
585698
585733
585950
586068
586230
586231
586278
586357
586465
586564
586713
586883
587286
587332
587357
587466
587559
588087
588267
588320
588384
588435
588440
588492
588559
588655
588894
589058
589119
589132
589205
589491
589559
589674
589761
589931
589974
590114
590252
590436
590489
590688
590713
590752
590755
590757
590864
591000
591222
591269
591270
591318
591401
591718
591765
591839
591907
591997
592090
592266
592274
592353
592500
593014
593039
593171
593209
593327
593603
593743
593753
593900
594046
594066
594207
594232
594258
594349
594471
594541
594631
594696
594770
594801
594806
595216
595363
595438
595491
595572
595679
595697
595733
595782
595888
595962
595983
596078
596268
596327
596333
596495
596665
596674
596776
596786
596788
596997
597025
597120
597188
597469
597534
598010
598243
598392
598436
598454
598609
598662
598671
598722
598862
598915
599072
599092
599164
599187
599301
599306
599340
599345
599354
599399
599556
599729
599739
599903
600018
600062
600301
600349
600469
600486
600551
600584
600625
600640
600811
601381
601461
601477
601509
601631
601825
601940
601982
602296
602658
603053
603059
603064
603071
603076
603322
603358
603453
603694
603784
603819
603823
603863
604083
604102
604236
604299
604370
604391
604476
604908
605014
605089
605115
605148
605258
605411
605423
605528
605664
605692
605696
605727
605756
606003
606051
606141
606200
606462
606479
606669
606676
606719
606781
606850
606885
606957
607029
607224
607271
607308
607321
607351
607393
607403
607503
607525
607656
607660
607705
607790
607886
608061
608133
608208
608518
608547
608684
609032
609056
609181
609186
609222
609271
609370
609486
609528
609629
609904
610095
610139
610395
610425
610504
610610
610719
611040
611246
611372
611546
611829
611945
611994
612056
612119
612728
612744
612953
612965
613027
613121
613137
613192
613297
613386
613406
613606
613607
613645
613765
614065
614153
614214
614227
614292
614369
614734
614855
614914
615103
615328
615330
615527
615639
615716
615725
615769
615874
615959
616130
616194
616310
616320
616351
616665
616769
616886
616996
617100
617128
617146
617269
617361
617472
617573
617633
617774
617780
617884
617892
617943
618001
618196
618429
618480
618501
618620
618681
618726
618748
618803
618913
619092
619222
619281
619386
619388
619651
619686
619759
619777
619847
619879
620025
620057
620472
620517
620973
621021
621098
621208
621300
621434
621812
621858
622010
622163
622254
622324
622350
622486
622520
622575
622576
622680
622720
622745
623096
623279
623533
623631
623739
623740
623767
623850
623878
623896
624059
624070
624098
624180
624310
624319
624496
624562
624568
624659
624721
624875
624890
625021
625222
625317
625432
625507
625545
625547
625582
625598
625662
625744
626202
626431
626649
626668
626679
626771
626814
626855
626874
627019
627104
627192
627200
627280
627337
627397
627489
627795
627864
627960
628013
628051
628080
628168
628199
628205
628310
628348
628445
628489
628598
628732
628746
629099
629116
629276
629283
629430
629466
629500
629578
629875
629916
629940
629999
630023
630125
630186
630311
630377
630392
630469
630842
630969
631011
631016
631061
631177
631217
631323
631354
631367
631441
631457
631807
631960
632009
632027
632164
632278
632407
632408
632453
632599
632643
632646
632777
632800
632824
632981
632991
633064
633105
633228
633239
633309
633529
633613
633706
633741
633812
633867
633869
633991
634104
634108
634121
634187
634223
634242
634294
634341
634353
634373
634466
634487
634684
634747
634806
634854
634963
635221
635509
635635
635853
636061
636125
636157
636303
636394
636396
636565
636648
636956
637025
637053
637073
637143
637148
637214
637221
637227
637303
637466
637498
637526
637587
637683
637684
637812
637897
638030
638256
638343
638585
638614
638695
638725
638836
639042
639096
639197
639415
639447
639460
639516
639539
639543
639591
639898
640088
640211
640230
640265
640384
640441
640468
640727
640932
640957
641094
641155
641169
641220
641658
641701
641757
641788
641797
641880
642010
642222
642247
642269
642307
642498
642553
642564
642594
642726
642774
642837
642913
643004
643019
643071
643091
643262
643440
643559
643575
643829
644054
644088
644161
644278
644321
644387
644445
644689
644742
644859
644943
644995
645056
645240
645339
645439
645498
645551
645590
645677
645724
645729
645731
645917
646018
646126
646234
646238
646258
646375
646447
646617
646626
646854
646857
646889
646936
647026
647031
647050
647072
647084
647215
647438
647462
647591
647595
647856
647920
647955
647967
648081
648278
648369
648517
648737
648895
648924
648953
648996
649143
649234
649389
649810
649835
649895
649979
650053
650061
650076
650102
650251
650276
650436
650662
650742
650797
650857
650858
650947
650982
651029
651123
651129
651177
651195
651369
651567
651647
651761
652045
652069
652122
652310
652631
652700
652783
652829
652853
652903
653152
653183
653186
653309
653349
653533
653592
653676
653862
653915
654043
654092
654155
654288
654352
654411
654417
654431
654462
654469
654536
654782
654885
654897
654947
655031
655074
655234
655276
655471
655503
655573
655614
655820
655859
656056
656150
656201
656303
656393
656468
656476
656481
656510
656536
656575
656632
656750
656902
656911
657003
657007
657075
657118
657261
657521
657986
658237
658382
658488
658539
658548
658796
658851
659109
659198
659245
659293
659298
659561
659602
659655
659681
659759
659913
659927
660028
660071
660190
660287
660352
660400
660402
660541
660589
660675
660693
660889
660945
660972
661185
661188
661507
661584
661633
661649
661820
662170
662190
662208
662279
662736
662879
663001
663011
663310
663415
663766
663923
664259
664276
664413
664670
664692
664868
664988
665024
665041
665057
665100
665181
665238
665324
665349
665390
665474
665685
665686
665694
665736
665783
666230
666286
666464
666491
666627
666847
666922
666977
667179
667190
667263
667284
667512
667717
667751
667810
667842
667862
668133
668185
668227
668413
668455
668628
668688
668716
668788
668841
668851
668873
668988
669224
669475
669564
669632
669728
669729
669743
669774
669837
669855
670098
670264
670311
670351
670378
670659
671011
671050
671068
671181
671324
671423
671603
671687
671817
671988
672081
672435
672464
672644
672750
673009
673145
673160
673659
673674
673731
673789
673930
674135
674194
674282
674462
674486
674531
674559
674724
674744
674768
674839
675023
675094
675116
675163
675337
675356
675449
675475
675512
675568
675743
675834
675928
675977
676010
676100
676255
676283
676503
676522
676543
676551
676600
676614
676638
676834
676889
677040
677056
677073
677420
677446
677488
677519
677526
677563
677619
677903
678243
678300
678306
678307
678311
678385
678479
678489
678572
678640
678742
678815
678927
678966
678997
679125
679169
679335
679338
679779
680064
680123
680393
680409
680410
680428
680462
680666
680773
680797
680961
680987
680992
681090
681258
681456
681635
681654
681655
681761
681778
681965
681970
681972
682054
682141
682311
682326
682394
682452
682477
682600
682601
682719
682752
682785
682902
682970
683032
683320
683336
683472
683483
683544
683627
683725
683778
683805
683842
683902
683940
683958
684258
684275
684324
684461
684485
684499
684660
684661
684754
684830
685406
685860
685971
686211
686403
686435
686524
686526
686931
687133
687298
687384
687757
687804
687816
687876
687942
688004
688103
688191
688256
688756
688769
688903
688912
688947
689189
689344
689345
689394
689399
689455
689784
689879
689958
690069
690202
690211
690325
690442
690541
690596
690637
690708
690717
690774
691024
691083
691303
691460
691504
691634
691661
691887
691908
692040
692060
692157
692184
692244
692466
692496
692528
692556
692730
692848
692886
692918
693019
693026
693207
693320
693416
693426
693541
693546
693637
693672
693804
693838
693904
693918
693972
694036
694051
694145
694153
694180
694204
694208
694298
694420
694437
694490
694552
694556
694766
694864
695016
695104
695250
695271
695291
695446
695503
695776
695799
695834
695976
696209
696259
696274
696411
696467
696525
696651
696722
697026
697045
697172
697247
697277
697315
697696
697937
697994
698013
698056
698170
698348
698375
698385
698630
698687
698763
698818
698900
698947
698990
699097
699133
699301
699528
699725
699823
700086
700111
700113
700221
700255
700267
700627
700886
700976
701081
701246
701312
701318
701333
701372
701731
701866
702300
702377
702403
702477
702687
702745
702964
702987
703045
703070
703140
703163
703220
703456
703555
703699
703799
703914
703927
704123
704133
704149
704239
704241
704280
704425
704505
704522
704532
704591
704705
704771
705083
705159
705165
705212
705231
705320
705333
705388
705469
705624
705670
705936
705998
706012
706017
706076
706220
706388
706401
706408
706410
706485
706513
706625
706638
706684
706702
706810
706816
706836
706851
707071
707107
707215
707344
707440
707445
707464
707566
707587
707702
707766
707776
707933
708035
708089
708146
708203
708421
708571
708670
708729
709017
709049
709086
709130
709395
709449
709474
709494
709514
709548
709812
710081
710142
710271
710298
710327
710424
710496
710593
710598
710684
710726
710745
710906
710952
711120
711175
711200
711207
711265
711371
711374
711399
711615
711666
711717
711852
711879
711974
712009
712017
712051
712291
712320
712638
712802
712969
713162
713257
713289
713369
713568
713650
713816
713979
714135
714138
714166
714288
714369
714427
714432
714536
714793
714812
714880
714966
714985
715195
715373
715447
715581
715688
715724
715803
715832
715923
715928
715940
716020
716033
716109
716147
716496
716614
716644
716700
716891
716915
717656
717668
717699
717702
717705
717740
717783
717868
717995
718104
718155
718245
718492
719145
719202
719274
719421
719448
719890
719962
719965
719970
719986
720141
720185
720553
720639
720781
720877
721046
721334
721560
721606
721615
721862
721911
721924
721967
722017
722060
722065
722106
722224
722321
722350
722393
722446
722513
722537
722755
723178
723465
723516
723566
723660
723834
723953
723982
724025
724168
724290
724317
724361
724451
724492
724585
724746
724916
725092
725275
725463
725633
725696
725741
725783
725824
725842
725945
725997
726129
726182
726261
726322
726560
726585
726729
726802
727065
727066
727100
727126
727140
727203
727257
727344
727476
727549
727612
727624
727701
727818
727827
727849
727858
727896
727923
728032
728221
728258
728336
728399
728473
728540
728667
728688
728721
728815
728854
728935
729020
729031
729093
729154
729206
729316
729593
729618
729648
729719
729753
729779
729840
729985
730113
730532
730535
730548
730680
730681
730725
730806
730834
731140
731163
731241
731323
731514
731618
731713
731749
731762
731914
732168
732302
732363
732365
732371
732394
732402
732511
732656
732723
732977
732981
733162
733176
733184
733255
733474
733530
733533
733573
733658
733883
733933
734110
734253
734293
734459
734522
734540
734609
734716
734799
734903
734939
734973
734977
735061
735219
735260
735293
735417
735549
735652
735690
735703
735748
735790
735866
735934
736024
736264
736363
736525
736827
736959
736971
736982
737010
737097
737197
737317
737445
737579
737669
737771
737848
737964
738183
738289
738469
738554
738789
738814
739296
739386
739402
739432
739635
739831
739841
739913
740112
740323
740370
740403
740483
740555
740655
740667
740759
740815
740990
741051
741119
741326
741358
741542
741738
742146
742226
742395
742493
742614
742633
742774
742789
742882
742920
743015
743027
743284
743328
743404
743618
743641
743681
743711
743958
744237
744273
744377
744513
744671
744773
744808
745138
745188
745288
745304
745777
745880
745931
746010
746223
746293
746355
746402
746452
746453
746459
746706
746726
746889
746952
747195
747291
747388
747397
747446
747484
747485
747491
747495
747535
747641
747978
748000
748175
748186
748204
748273
748277
748278
748447
748459
748502
748644
748706
748770
748788
748847
748907
748980
749003
749020
749313
749542
749550
749569
749672
749777
749804
749824
749973
750083
750246
750247
750379
750395
750520
750543
750560
750571
750629
750643
750708
750724
750764
750848
750935
750976
750977
751076
751273
751321
751601
751690
751701
752005
752127
752355
752394
752413
752478
752685
752723
752778
753102
753112
753151
753699
753800
753839
753922
754086
754104
754173
754250
754504
754586
754641
754657
754792
754907
754927
755112
755141
755239
755435
755462
755607
755791
756136
756257
756502
756561
756579
756630
756743
756869
756921
756974
757400
757439
757457
757890
757894
757949
758164
758542
758626
758808
759109
759153
759161
759309
759326
759334
759430
759570
759573
759646
759724
759949
759953
760133
760219
760361
760470
760485
760620
760711
760903
761016
761048
761091
761096
761152
761262
761324
761371
761473
761670
761697
761723
761741
761810
761885
761926
762015
762027
762145
762165
762428
762454
762665
762813
762871
763071
763115
763260
763311
763316
763317
763322
763351
763377
763510
763709
763804
763925
763934
764159
764318
764324
764505
764564
764577
764713
764726
764830
764869
764907
764913
764985
765019
765100
765194
765196
765273
765398
765418
765435
765467
765657
765785
765986
766226
766234
766329
766342
766401
766601
766631
766661
766761
766913
766991
767112
767387
767564
767653
767808
767820
767961
767988
767999
768008
768106
768146
768174
768326
768331
768416
768417
768455
768587
768649
768673
768707
768955
769106
769359
769490
769640
770052
770078
770166
770350
770524
770694
770781
771334
771357
771552
771620
771779
772003
772056
772138
772163
772200
772344
772386
772392
772469
772586
772611
772665
772729
772742
772830
772835
772884
772893
773125
773239
773259
773270
773287
773326
773392
773949
773987
774037
774070
774168
774282
774311
774317
774728
774772
774927
774957
775041
775126
775145
775268
775311
775328
775416
775435
775554
775558
775640
775766
775802
775890
775909
775955
776082
776181
776260
776314
776449
776538
776579
776602
776743
776807
776859
777072
777090
777099
777120
777175
777421
777559
777593
777628
777637
777650
777653
777778
777782
777888
777990
777991
778021
778057
778224
778293
778367
778389
778400
778687
778713
778720
778722
778786
778873
779043
779079
779153
779241
779465
779562
779673
779703
779708
779761
779971
780068
780098
780149
780194
780255
780363
780480
780549
780616
780710
780720
780722
780828
780829
780955
780956
781005
781076
781166
781382
781737
781783
781799
781898
781909
782112
782192
782390
782482
782547
782722
782817
782842
782943
782956
783023
783027
783251
783394
783537
783552
783587
783689
783729
783950
784072
784120
784257
784335
784395
784642
784705
784756
784823
784912
784920
784985
785017
785052
785054
785233
785244
785293
785415
785500
785603
785721
785749
785815
785897
785898
786312
786402
786526
786558
786816
786984
787034
787076
787164
787166
787173
787258
787413
787437
787461
787581
787602
787909
787916
788068
788082
788279
788341
788392
788399
788401
788430
788459
788460
788772
788823
789260
789288
789351
789429
789506
789611
789672
789863
789924
789966
790071
790288
790300
790305
790326
790614
790649
790742
790770
790776
790834
790867
790925
790987
791052
791053
791061
791062
791185
791318
791445
791515
791586
791725
791814
791868
791925
791980
792244
792248
792283
792284
792368
792689
792815
793002
793231
793247
793272
793377
793546
793630
793943
794147
794275
794349
794785
795178
795262
795344
795346
795383
795444
795452
795579
795949
796091
796199
796232
796432
796555
796609
796743
797074
797233
797364
797513
797585
798081
798189
798274
798432
798625
798738
798743
798790
798805
798986
799124
799161
799308
799386
799513
799659
799663
799668
799758
799805
799806
799939
799980
800170
800201
800770
800850
800865
800907
801004
801015
801236
801350
801744
802001
802003
802177
802211
802253
802299
802320
802530
802543
802547
802710
802712
802810
802895
802949
802953
802967
803027
803191
803339
803421
803423
803558
803665
803880
803965
804390
804597
804677
804710
804753
804884
804898
805108
805192
805248
805275
805306
805436
805522
805594
805734
805892
806200
806207
806369
806424
806443
806533
806624
806853
806894
806920
806970
807008
807031
807033
807112
807196
807204
807555
807567
807639
807872
807874
808010
808054
808120
808144
808168
808647
808684
808706
808729
808766
808873
809079
809258
809271
809318
809456
809457
809523
809577
809648
809665
809740
809742
809860
809902
810004
810018
810042
810142
810162
810236
810571
810632
810745
810847
810904
810938
811208
811667
811713
811784
811786
811922
811959
812053
812190
812269
812493
812605
812876
812998
813135
813140
813147
813381
813680
813697
813902
814096
814347
814467
814478
814986
815030
815153
815185
815207
815330
815419
815448
815450
815452
815538
815863
815870
815990
816088
816152
816300
816381
816389
816436
816566
816589
816994
817015
817112
817206
817422
817439
817483
817796
817806
817884
817899
818084
818100
818178
818561
818634
818665
818759
818871
818944
819442
819482
819590
819948
820011
820044
820094
820123
820127
820255
820284
820347
820386
820452
820736
820800
820872
820964
821158
821333
821397
821408
821578
821633
821723
821855
821907
822267
822336
822368
822388
822498
822893
822972
823281
823499
823522
823544
823573
823653
823919
824235
824237
824317
824471
824769
824850
824981
825165
825217
825257
825269
825422
825445
825460
825765
825984
826093
826193
826205
826216
826279
826421
826567
826635
826662
826805
827044
827293
827325
827348
827458
827495
827693
827755
827775
827893
827950
827988
828016
828033
828088
828215
828221
828377
828447
828453
828575
828721
828734
828745
828857
828859
828878
828901
828920
828940
829250
829269
829318
829902
829929
829935
829976
830035
830061
830108
830179
830238
830497
830605
830631
830688
830809
830983
831045
831060
831157
831187
831287
831306
831364
831388
831392
831408
831459
831641
831688
831698
831725
831803
832250
832254
832509
832543
832668
832812
832862
833144
833174
833202
833326
833504
833555
833787
833914
833929
833943
833946
833974
834272
834285
834408
834889
834927
834987
835335
835537
835707
835728
835755
835777
835881
835978
835983
835997
836297
836444
836473
836560
836810
836822
836837
836929
837194
837266
837538
837541
837597
837683
837907
837953
838154
838238
838241
838308
838310
838464
838465
838502
838669
838892
838894
838933
838954
839009
839035
839223
839265
839273
839328
839340
839452
839547
839672
839727
839747
839922
840026
840051
840279
840393
840509
840541
840741
840748
840963
841068
841070
841076
841187
841513
841729
841787
841936
841965
841986
841987
841994
842026
842101
842231
842233
842281
842352
842377
842420
842502
842554
842682
842745
842976
842983
843205
843397
843410
843618
843792
843977
844058
844295
844380
844477
844561
844592
845110
845216
845418
845597
845652
845692
845781
845805
845863
845909
846213
846225
846255
846286
846613
846644
846703
846741
846798
846833
846917
847231
847360
847373
847521
847715
847773
847821
847843
848045
848153
848176
848189
848276
848295
848348
848392
848418
848545
848804
848857
848885
848984
849123
849262
849464
849556
849759
849761
849775
849802
849852
849861
849876
850104
850142
850154
850200
850332
850355
850540
850598
850623
850724
850805
850819
850848
850861
850868
850882
850992
851042
851066
851105
851227
851283
851362
851530
851610
851650
851661
851904
851973
852081
852342
852399
852556
852610
852652
852840
852921
853156
853197
853273
853277
853319
853403
853640
853641
853781
853960
854046
854570
854611
854759
854938
854995
855000
855218
855331
855351
855442
855477
855701
855904
856115
856122
856131
856500
856683
856722
856769
856823
856827
856888
857001
857076
857159
857247
857266
857392
857444
857674
857718
857793
858134
858326
858471
858524
858631
858836
858845
859060
859068
859267
859333
859506
859651
859681
859765
859882
860088
860178
860185
860190
860296
860351
860697
860726
860824
861118
861156
861161
861165
861329
861511
861607
861812
861835
861913
861985
862026
862234
862254
862257
862308
862393
862523
862578
862609
863120
863170
863210
863378
863476
863674
863679
863684
863718
864010
864162
864179
864248
864391
864394
864602
864603
864671
864705
864857
865205
865311
865380
865453
865497
865618
865782
865830
865991
866075
866116
866244
866297
866425
866507
866537
866574
866603
866696
866709
866719
866747
866815
866868
866893
867093
867209
867380
867599
867624
867760
867956
867985
868065
868124
868129
868144
868164
868416
868613
868933
868937
869239
869277
869450
869556
869605
869609
869760
869935
870297
870318
870553
870583
870662
870742
870744
870870
870920
871002
871064
871065
871107
871179
871274
871323
871335
871371
871429
871451
871658
871694
871804
871928
872105
872216
872247
872278
872281
872363
872389
872428
872487
872529
872641
872717
872813
872833
872924
872925
872972
873090
873667
873732
873739
873812
873868
874027
874104
874303
874556
874867
874870
874904
874913
875029
875124
875172
875185
875248
875597
875729
875877
875886
876229
876273
876282
876427
876530
876597
876771
876789
876920
877089
877260
877276
877326
877399
877444
877461
877485
877545
877585
877652
877843
877884
877903
877986
878062
878140
878259
878373
878471
878496
878660
878691
878724
878939
878961
879068
879086
879162
879487
879647
879889
880014
880066
880169
880209
880264
880417
880560
880581
880688
880710
880774
880963
881067
881119
881140
881202
881410
881615
881715
881815
881818
882130
882290
882422
882506
882636
882712
882775
882865
882895
882975
883373
883435
883487
883584
883644
883732
883819
883991
884137
884198
884223
884235
884480
884618
884697
884847
885019
885236
885263
885317
885319
885483
885715
885806
886114
886144
886257
886333
886674
886748
886829
886831
886847
887056
887242
887269
887298
887484
887490
887570
887577
887714
887873
887896
888055
888159
888260
888386
888387
888402
888639
888788
889090
889240
889306
889334
889521
889553
889577
889578
889711
889713
889785
889818
890167
890205
890226
890266
890288
890308
890324
890527
890568
890585
890613
890742
890829
890918
891190
891230
891320
891614
891684
891718
892193
892588
892676
892759
892854
892970
893139
893189
893353
893374
893438
893888
894103
894207
894243
894413
894621
894670
894712
894730
894827
895077
895098
895342
895374
895400
895421
895442
895522
895547
895569
895607
895614
895706
895785
896003
896062
896098
896174
896239
896567
896656
896820
896910
897298
897343
897344
897397
897418
897593
897824
897915
898001
898048
898245
898641
898839
898975
898985
899196
899211
899236
899348
899445
899473
899474
899800
900042
900082
900440
900462
900606
900718
900781
901035
901065
901161
901231
901233
901269
901296
901479
901508
901790
901835
901868
902067
902071
902224
902456
902645
902706
902710
902788
902837
903091
903103
903292
903307
903708
904041
904078
904279
904280
904411
904508
904571
904580
904604
904661
904812
904844
904864
904938
904947
904965
904978
905039
905060
905091
905124
905210
905254
905323
905367
905388
905436
905457
905522
905542
905553
905616
905664
905762
906018
906191
906239
906463
906563
906652
906719
906745
906838
907153
907203
907206
907493
907770
907910
908589
908597
908728
908753
909003
909125
909318
909334
909354
909405
909447
909578
909600
909603
909712
909864
909936
909975
910017
910115
910208
910265
910437
910489
910631
910665
910712
910757
910890
910912
910992
911038
911215
911233
911441
911473
911661
911706
911726
912095
912216
912296
912364
912544
912655
912902
913158
913321
913333
913459
913842
913850
914144
914230
914468
914469
914588
914632
914779
914829
914902
915026
915094
915174
915373
915392
915413
915492
915520
915573
915617
915833
915927
915934
915996
916249
916271
916334
916417
916473
916509
916628
916648
916695
916813
916933
917083
917099
917120
917201
917274
917474
917776
917781
917968
917977
918090
918156
918534
918659
918724
918740
918935
919087
919168
919354
919585
919622
919700
919742
919795
919797
919895
919914
919976
919990
920027
920171
920411
920440
920546
920721
920732
920971
920974
920994
921062
921117
921303
921357
921586
921694
921861
921871
921924
922003
922068
922118
922274
922684
922924
922965
923228
923308
923366
923494
923500
923676
923699
923713
923814
923861
924231
924585
924612
924653
924680
924693
924875
924943
925249
925794
926081
926138
926333
926412
926427
926621
926641
926880
926979
927062
927103
927181
927285
927391
927431
927456
927615
927705
927712
927732
927828
927928
927978
928008
928109
928229
928231
928236
928264
928374
928479
928543
928788
928800
928879
928963
928982
929099
929108
929229
929360
929384
929534
929717
929787
930073
930181
930219
930226
930339
930440
930989
931035
931039
931053
931146
931563
931565
931930
932070
932112
932256
932504
932703
932879
932945
933086
933166
933259
933349
933445
933459
933655
933682
933697
933722
933724
933851
933993
934083
934171
934208
934358
934469
934504
934645
935103
935155
935298
935392
935496
935524
936113
936234
936464
936515
936523
936568
936633
936697
936986
937125
937137
937690
937807
937854
937900
937916
937927
938097
938163
938209
938224
938352
938405
938702
938709
938879
938962
938972
939000
939160
939229
939239
939261
939282
939328
939576
939836
939858
939867
939994
940044
940083
940193
940439
940581
940754
940827
941116
941265
941304
941337
941364
941561
941686
941895
941922
941949
941953
942079
942098
942466
942492
942574
942663
943075
943123
943144
943212
943321
943442
943455
943533
943551
943586
943676
943807
944061
944091
944129
944302
944314
944706
945572
945586
945657
945672
945838
946432
946454
946558
946672
946741
946816
946902
946982
947029
947065
947083
947309
947429
947554
947604
947649
947705
947798
947862
948292
948391
948617
948743
948790
948874
949147
949192
949347
949411
949443
949489
949556
949615
949755
949866
949913
950001
950020
950179
950381
950516
950642
950774
950858
950893
950958
951009
951095
951140
951170
951277
951304
951386
951560
951628
952012
952014
952177
952381
952457
952522
952548
952680
952918
952960
953068
953146
953219
953320
953351
953422
953477
953589
953701
953816
953853
953962
954190
954218
954272
954324
954497
954615
954718
954722
954752
954808
954834
955059
955120
955128
955178
955301
955351
955396
955573
955579
955705
955885
955957
955992
956124
956140
956142
956255
956278
956515
956621
956949
956972
957189
957191
957413
957676
957690
957803
957851
958073
958199
958317
958394
958434
958556
958745
958841
958847
958944
959065
959084
959173
959176
959314
959368
959511
959750
959818
959854
960045
960155
960243
960339
960482
960485
960491
960500
960596
960828
960830
960833
961208
961290
961637
961796
961973
962128
962325
962531
962571
962591
962613
962624
962653
962667
962869
962906
963073
963077
963192
963246
963415
963424
963478
963518
963627
963759
963808
963866
963976
963987
964091
964183
964214
964281
964297
964491
964503
964521
964540
964545
964576
964671
964711
964716
964752
964896
964917
965032
965062
965085
965305
965399
965411
965514
965694
965749
965888
966014
966024
966080
966147
966398
966423
966580
966599
966642
966795
966845
966851
966895
967098
967106
967205
967272
967337
967426
967578
967583
967677
967719
967776
967920
968053
968558
968608
968680
968721
969134
969154
969189
969244
969756
969858
969870
969927
970195
970433
970473
970536
970616
970727
970832
970917
970953
970962
971257
971263
971275
971336
971345
971378
971520
971567
971610
971657
971766
971953
971955
972008
972082
972114
972145
972251
972421
972632
972882
972915
973171
973215
973265
973296
973393
973578
973601
973674
973682
973735
973908
974268
974276
974422
974715
974756
974809
974903
975069
975178
975226
975248
975321
975584
975750
975807
975987
976446
976535
976536
976744
976751
976816
976939
977141
977230
977339
977450
977485
977501
977635
978017
978629
978642
978765
978781
978810
979030
979115
979281
979369
979374
979502
979584
979587
979643
979800
979804
979870
979927
980118
980432
980507
980927
980958
981098
981119
981137
981329
981404
981769
981794
981894
981923
982017
982048
982086
982161
982226
982299
982407
982628
982641
982655
982687
983330
983394
983514
983527
983556
983580
983712
983722
983887
983888
983914
984020
984027
984032
984044
984100
984318
984543
984673
984772
984986
985014
985075
985162
985204
985390
985434
985543
985600
985656
985814
985877
986057
986131
986206
986294
986561
986708
986739
987011
987038
987084
987280
987312
987377
987429
987441
987502
987535
987545
987586
987634
987737
987755
987826
988097
988211
988250
988416
988524
988622
988696
988814
988909
989145
989268
989298
989411
989436
989455
989494
989537
989843
989850
989904
989909
990030
990568
990587
990798
990919
990931
990944
991245
991408
991444
991454
991643
991771
991778
991846
991877
992050
992160
992325
992380
992406
992660
992701
992717
992789
992817
992911
992941
993066
993084
993126
993450
993540
993543
993752
993944
993984
994094
994109
994213
994241
994279
994360
994376
994382
994565
994619
994654
994724
994765
994770
994895
995002
995039
995044
995098
995114
995308
995329
995528
995638
995922
995946
996062
996067
996156
996160
996189
996235
996321
996607
996636
996777
996828
996994
997062
997178
997212
997318
997351
997418
997857
997884
997983
998063
998141
998146
998249
998266
998319
998499
998505
998617
998768
998819
999007
999108
999161
999178
999258
999260
999290
999375
999488
999519
999524
999606
999671
999806
999828
999865
