51
201
275
343
388
412
469
567
701
764
857
969
1204
1453
1807
2153
2244
2632
2750
2774
2928
2930
3149
3401
3971
4033
4115
4189
4291
4619
4622
4688
5110
5114
5214
5395
5413
5424
5461
5462
5478
5516
5598
5825
5949
5958
6040
6052
6084
6228
6490
6515
6628
6652
6798
6854
6963
6982
7029
7098
7114
7231
7233
7441
7538
7540
7740
7845
7878
8285
8364
8516
8521
8574
8576
8693
8868
8992
9000
9118
9141
9608
9649
9658
9672
9829
10090
10091
10139
10180
10213
10225
10358
10440
10468
10613
10654
10853
10887
10945
11018
11149
11171
11262
11279
11492
11578
11626
11742
11786
11838
11882
12111
12201
12294
12414
12449
12746
12765
12848
13458
13462
13524
13662
13686
13718
13859
13908
13909
14054
14118
14278
14309
14317
14414
14467
14535
14568
14580
14600
14703
14706
14746
14782
15077
15333
15345
15424
15545
15558
15580
15651
15736
15782
15815
15847
15888
16043
16249
16377
16549
16641
16685
16714
16832
16855
16939
17198
17205
17496
17598
17610
17612
17653
17680
17758
17768
17779
17909
18041
18099
18117
18227
18289
18326
18469
18496
18563
18577
18687
18917
19100
19254
19296
19300
19350
19362
19399
19581
19614
19824
19881
19998
20006
20051
20053
20085
20413
20820
20868
20930
20973
21032
21257
21296
21454
21483
21827
22029
22078
22421
22541
22615
22622
22826
22886
23228
23317
23319
23341
23478
23510
23552
23576
23856
23890
23940
23946
24196
24307
24308
24391
24595
24648
24743
24809
25002
25119
25198
25200
25288
25311
25412
25640
25959
26082
26103
26126
26282
26336
26379
26485
26575
26585
26752
26892
26991
27053
27171
27222
27280
27317
27390
27656
27864
27927
27950
28067
28086
28136
28153
28314
28335
28576
28645
28766
29033
29431
29575
29625
29671
29953
29974
30497
30507
30788
30792
30895
31179
31308
31480
31503
31521
31563
31746
31878
31879
31949
31974
31998
32073
32083
32567
32653
32708
32710
32721
32814
32822
32951
32978
32979
33081
33091
33230
33264
33277
33429
33448
33581
33650
33804
33962
34006
34165
34210
34494
34522
34549
34561
34588
34658
34689
34716
35158
35419
35548
35707
35935
36112
36197
36419
36470
36474
36505
36637
36665
36792
36825
36871
36971
37033
37061
37150
37184
37209
37268
37321
37990
38045
38111
38262
38279
38459
38577
38593
38800
38898
38954
38989
39078
39113
39279
39325
39337
39557
39627
39823
39827
39869
39929
39969
39985
40129
40229
40329
40398
40466
40515
40532
40617
40674
40711
40781
40803
40926
41100
41157
41463
41504
41667
41724
41983
42169
42251
42297
42384
42543
42662
42671
42721
42965
43005
43327
43426
43487
43677
43775
43805
43831
44056
44058
44178
44651
44823
44933
45043
45095
45137
45267
45298
45358
45531
45849
45941
46148
46316
46345
46357
46408
46564
46617
46684
46904
46930
47027
47063
47092
47155
47200
47234
47419
47531
47571
47728
47759
47798
47864
48091
48149
48170
48184
48219
48341
48352
48357
48417
48478
48626
48674
48779
48790
48906
48911
48926
49069
49073
49143
49144
49356
49396
49524
49605
49852
49981
50110
50371
50381
50507
50520
50537
50569
50727
51012
51431
51607
51648
51790
51882
51934
52040
52072
52242
52252
52275
52281
52327
52383
52427
52515
52605
52608
52642
52785
52847
52848
52917
52950
53219
53256
53266
53338
53383
53393
53578
53611
53771
53950
53958
54103
54104
54291
54484
54610
54692
54839
54898
54950
55203
55249
55283
55394
55438
55477
55497
55562
55607
55707
55877
55884
55920
55928
56067
56248
56262
56367
56398
56427
56447
56608
56619
56675
56693
56813
57077
57181
57361
57391
57499
57584
57774
57797
57807
57950
58528
58533
58577
58620
58628
58826
58968
59002
59037
59053
59079
59149
59172
59197
59258
59297
59500
59528
59583
59603
59616
59619
59837
59857
59885
59935
59943
60091
60118
60276
60285
60320
60375
60439
60444
60587
60611
60619
60693
60993
61081
61130
61131
61208
61280
61342
61408
61537
61653
61724
61754
61771
61790
61985
62062
62388
62488
62510
62564
62596
62619
62700
62789
62922
63040
63055
63060
63261
63346
63443
63580
63681
63695
63744
63809
63818
63863
63956
64167
64251
64284
64387
64481
64562
64634
64803
64871
64980
65149
65209
65907
65996
66014
66487
66509
66635
66785
67120
67238
67251
67281
67521
67563
67734
67787
67956
68027
68220
68248
68442
68460
68485
68492
68536
68642
68646
68654
69002
69077
69090
69243
69446
69533
69697
69916
70006
70007
70212
70281
70356
70461
70510
70595
70598
70656
70753
71054
71089
71145
71199
71266
71292
71307
71502
71505
71634
71669
71805
71812
71922
72149
72220
72282
72518
72548
72725
72941
73011
73036
73040
73320
73444
73461
73647
73683
73775
73908
74150
74154
74445
74495
74674
74748
74768
74900
74952
75011
75049
75068
75207
75497
75524
75531
75770
75782
75860
75919
75929
76144
76177
76271
76362
76391
76473
76486
76557
76604
76674
76795
76850
76904
77074
77121
77254
77374
77559
77748
77787
77889
77930
78329
78453
78617
78649
78676
78719
78720
78772
78821
78845
78900
78938
79098
79235
79352
79476
79500
79504
79545
79675
79676
79726
79850
79894
79996
80013
80042
80119
80180
80222
80518
80937
81006
81009
81107
81170
81261
81288
81338
81498
81765
81812
82046
82177
82194
82223
82233
82243
82356
82463
82918
83045
83232
83316
83346
83354
83356
83461
83511
83577
83607
83860
84139
84181
84188
84203
84254
84750
84846
84879
85089
85171
85345
85383
85608
85617
85750
85808
85817
85982
85999
86001
86041
86063
86087
86175
86294
86316
86827
86863
86910
86919
86960
86967
86982
87036
87040
87113
87144
87400
87418
87476
87522
87580
87864
87902
88045
88092
88137
88187
88244
88265
88316
88408
88414
88730
88754
88755
88758
89005
89087
89198
89210
89358
89497
89533
89558
89595
89631
89638
89723
89858
89968
89993
90058
90135
90297
90349
90570
90746
90912
91134
91174
91427
91447
91579
91600
91859
91963
92072
92231
92247
92331
92521
92620
92635
92658
92694
92731
92899
92972
93248
93479
93490
93533
93813
94083
94557
94688
94888
94929
95241
95261
95357
95380
95598
95741
95767
95915
95957
95982
96059
96084
96403
96414
96545
96614
96653
96784
96789
96870
96876
96962
97001
97210
97467
97488
97543
97632
97679
97743
97831
98002
98176
98201
98220
98246
98313
98487
98501
98503
98510
98521
98635
98687
98718
98784
98962
99113
99198
99202
99252
99276
99302
99333
99763
99791
99818
99906
99967
100077
100312
100699
101032
101145
101336
101357
101358
101416
101578
101675
101824
102098
102173
102407
102409
102489
102625
102651
102792
102803
102866
102876
102887
102987
102997
103089
103113
103117
103152
103162
103362
103383
103475
103505
103521
103670
103892
103918
103937
103992
104037
104072
104080
104375
104381
104567
105182
105197
105229
105274
105390
105512
105515
105517
105671
105685
105804
105806
105862
105911
105922
105988
106097
106287
106404
106502
106608
106622
106632
106772
107052
107077
107152
107173
107242
107294
107299
107615
107786
107803
107896
107897
108020
108031
108139
108153
108194
108370
108385
108403
108515
108700
108782
109104
109372
109408
109501
109512
109680
109862
109863
109921
109930
109952
110143
110247
110250
110750
110774
110888
110902
110982
111079
111305
111342
111365
111461
111462
111555
111597
111704
111780
111855
112048
112181
112519
112729
112777
112984
113061
113195
113200
113546
113777
113963
114073
114160
114241
114328
114434
114625
114678
114682
114808
114886
114893
115029
115062
115103
115164
115590
115641
115741
115758
115887
115928
116073
116185
116384
116412
116423
116465
116508
116514
116565
116643
116845
116932
116980
117040
117092
117112
117213
117222
117233
117264
117265
117302
117382
117434
117495
117509
117591
117608
117795
117816
117875
118002
118293
118304
118508
118642
118892
119002
119073
119115
119191
119297
119370
119640
119652
119915
120047
120198
120266
120294
120525
120547
120552
120596
121010
121050
121167
121195
121220
121301
121397
121518
121793
121798
121820
121906
121968
121980
122008
122034
122155
122211
122224
122257
122566
122593
122598
122638
122661
123059
123216
123252
123529
123556
123776
123999
124159
124287
124424
124480
124539
124836
125130
125247
125260
125328
125483
125496
125585
125587
125805
125835
125865
125935
126184
126455
126615
126690
126697
126741
126751
126847
126872
126960
127086
127124
127246
127276
127377
127384
127396
127488
127505
127600
127693
127718
127740
127792
127969
128061
128337
128345
128392
128411
128511
128554
128587
128697
128840
129063
129202
129307
129321
129752
129873
130263
130393
130557
130692
130756
130823
130827
130957
130977
131001
131081
131152
131222
131260
131658
131760
131844
131936
131957
132004
132033
132038
132052
132072
132079
132187
132443
132458
132580
132633
132905
133045
133152
133154
133288
133415
133446
133841
133843
133847
133877
133888
133939
134071
134074
134155
134227
134360
134365
134470
134483
134511
134556
134838
134882
134891
134986
134993
135211
135378
135553
135702
135860
135886
136297
136392
136660
136729
136775
136818
136845
136902
136925
137110
137300
137310
137384
137473
137554
137634
137672
137757
138141
138169
138208
138322
138360
138459
138622
138682
138709
138845
138906
138924
138962
139051
139198
139281
139293
139440
139460
139502
139750
139753
139949
140142
140246
140306
140416
140460
140491
140553
140573
140646
140666
140954
141018
141113
141179
141258
141372
141384
142080
142090
142120
142260
142447
142497
142535
142755
142777
142814
142860
143093
143121
143238
143269
143335
143400
143513
143588
143765
144008
144112
144128
144439
144480
144490
144662
144699
144741
144745
144803
144920
144944
144964
145014
145077
145152
145202
145232
145290
145335
145351
145405
145500
145508
145565
145855
145908
145995
146215
146250
146606
146615
146660
146736
146832
146836
147174
147260
147282
147394
147522
147706
147778
148198
148235
148523
148545
148748
148911
148917
149031
149449
149744
149830
149891
149990
150106
150289
150356
150464
150515
150591
150802
150806
151144
151194
151217
151303
151320
151493
151497
151543
151558
151595
151756
151833
151873
151903
151973
152004
152143
152184
152214
152307
152327
152488
152529
152902
152949
153064
153256
153357
153556
153557
153644
153699
153913
154086
154090
154242
154350
154467
154502
154522
154704
154986
155025
155039
155061
155167
155224
155305
155310
156102
156124
156237
156455
156528
156623
156626
156634
156747
156765
156767
156844
156975
156994
157076
157087
157297
157339
157388
157471
157536
157680
157965
157987
158150
158164
158166
158202
158456
158479
158523
158525
158556
158578
158611
158654
158743
159165
159234
159263
159423
159537
159594
159606
159740
159826
159827
159948
159957
160199
160475
160603
160641
160702
160774
160844
160925
161085
161132
161150
161157
161356
162006
162121
162217
162303
162390
162399
162736
163167
163311
163413
163598
163780
163906
163946
164023
164286
164323
164414
164518
164520
164625
165035
165144
165239
165352
165529
165591
165616
165643
165665
165682
165711
165845
165936
166086
166124
166292
166352
166400
166540
166698
166771
166909
166956
166971
167087
167220
167245
167555
167732
167803
167819
167858
167970
167971
168138
168263
168771
168820
168993
169129
169251
169318
169346
169396
169419
169455
169466
169522
169538
169640
169731
170052
170123
170168
170224
170281
170302
170336
170422
170475
170485
170596
170659
170661
170742
170763
170856
170867
170944
170993
171082
171106
171173
171199
171307
171377
171406
171409
171514
171545
171757
172007
172023
172071
172099
172165
172308
172435
172570
172606
172617
172710
172847
172975
173005
173093
173105
173140
173211
173265
173322
173327
173702
173831
173839
173852
173867
173875
173887
173925
174084
174358
174376
174480
174490
174599
174694
174718
174828
174889
174921
175042
175151
175193
175336
175396
175468
175525
175633
175646
175666
175740
175821
175931
176191
176242
176261
176388
176783
176941
176942
177026
177131
177148
177167
177220
177284
177438
177503
177659
177687
177837
178286
178299
178309
178627
178975
179012
179136
179230
179413
179560
179807
180057
180085
180087
180096
180187
180221
180326
180345
180412
180547
180611
180731
180847
181018
181030
181031
181124
181435
181455
181464
181678
181738
181777
181848
181878
181895
182186
182238
182283
182370
182641
182690
182758
182885
182962
183019
183029
183077
183622
183657
183790
183923
184012
184035
184100
184176
184257
184293
184330
184381
184509
184574
184702
184706
184865
184893
184937
185059
185065
185090
185227
185479
185706
185766
185776
185802
185808
185891
186009
186016
186044
186064
186126
186204
186209
186234
186258
186289
186305
186620
186629
186851
186970
187128
187221
187257
187684
187810
187957
187983
188064
188113
188134
188216
188224
188230
188256
188257
188386
188488
188530
188948
189056
189089
189132
189207
189394
189470
189605
189846
189936
189981
190097
190149
190189
190220
190497
190511
190536
190632
190734
190802
190825
191150
191193
191298
191300
191729
191872
192000
192001
192026
192177
192202
192219
192338
192504
192563
192671
192708
192743
192871
192912
193096
193177
193282
193478
193509
193524
193534
193730
193919
193997
194132
194139
194309
194331
194459
194507
194534
194556
194815
194854
194966
194988
195014
195119
195337
195457
195474
195510
195612
195675
195930
195932
196146
196190
196238
196385
196430
196481
196498
196517
196749
196785
196920
196959
196998
197091
197124
197234
197576
197859
197983
198167
198225
198296
198382
198580
198695
198927
199080
199097
199129
199145
199208
199253
199295
199314
199666
199917
199992
200013
200155
200500
200507
200537
200584
200631
200682
200773
200827
201182
201335
201336
201501
201514
201598
201605
201649
201683
201825
201879
201931
201952
202012
202044
202088
202251
202404
202503
202514
202561
202696
203065
203200
203330
203369
203377
203406
203416
203631
203668
203690
203786
203865
203961
203989
203995
204059
204068
204121
204132
204339
204433
204451
204675
204754
204757
204788
204981
205008
205045
205191
205265
205365
205613
205672
205695
205761
206046
206156
206399
206406
206521
206543
206852
206893
206949
207022
207124
207212
207368
207563
207583
207674
207993
208007
208063
208272
208283
208353
208452
208517
208604
208620
208726
208743
208750
208791
208827
208850
208860
208906
208955
208972
208973
209125
209303
209344
209480
209714
209857
209904
209954
209967
210085
210148
210201
210276
210370
210621
210634
210666
210701
210919
210945
210978
211178
211198
211377
211523
211550
211698
211853
212169
212184
212203
212217
212229
212257
212316
212371
212377
212460
212529
212760
212914
213053
213122
213166
213320
213343
213415
213881
213903
213941
214048
214132
214334
214483
214502
214537
214541
214544
214675
214722
214943
215088
215184
215473
215552
215751
215927
215953
215957
216002
216019
216357
216358
216526
216632
216642
216715
216925
216967
216990
217062
217136
217198
217265
217282
217365
217408
217458
217471
217620
217633
217636
217638
217879
217960
217962
218063
218127
218405
218446
218463
218609
218766
218860
218869
219152
219282
219342
219551
219612
219632
219673
219686
220038
220198
220299
220422
220429
220500
220742
220829
220923
220959
221038
221064
221319
221654
221663
221740
221765
221777
222043
222368
222435
222481
222494
222585
222847
222897
222936
222987
223132
223224
223462
223935
224037
224061
224127
224243
224289
224294
224387
224421
224556
224594
224625
224713
224850
225010
225028
225115
225151
225168
225225
225251
225844
225993
226029
226159
226256
226322
226428
226642
226798
226875
227005
227128
227193
227224
227225
227482
227511
227557
227732
227755
228152
228306
228341
228365
228440
228466
228489
228692
228902
228913
228982
228992
229093
229133
229443
229479
229547
229554
229679
229740
229752
229988
230192
230297
230690
230774
230846
231057
231450
231522
231647
231661
231740
231831
231832
232072
232078
232102
232499
232681
233155
233199
233404
233577
233738
233815
234252
234365
234436
234581
234640
234667
234720
235051
235097
235332
235622
235694
235803
235946
236003
236058
236160
236358
236413
236416
236443
236481
236521
236930
237019
237113
237313
237616
237821
237848
237893
237902
237911
238098
238156
238223
238372
238447
238564
238732
238768
238777
238890
238920
238965
239028
239122
239332
239347
239496
239508
239749
239798
239970
240465
240476
240775
240905
241045
241144
241291
241481
241661
241697
241728
241745
241763
241861
241963
242347
242480
242611
242833
242851
242891
243092
243145
243492
243742
243940
243955
244060
244151
244205
244311
244558
244747
244800
244846
244866
244889
244914
244962
245055
245195
245274
245296
245310
245444
245625
245818
245877
245891
246084
246375
246449
246527
246575
246601
246610
246620
246643
246740
246747
246933
246993
247167
247216
247302
247309
247367
247745
247749
247882
248152
248337
248414
248493
248725
248928
248992
249206
249251
249452
249719
249833
249845
250128
250218
250721
250841
250861
250967
251262
251277
251398
251419
251435
251470
251488
251502
251545
251554
251583
251686
252046
252062
252137
252148
252383
252396
252456
252486
252760
253039
253298
253338
253546
253869
253955
254064
254142
254270
254373
254719
254806
255351
255454
255640
255815
255909
255912
256156
256427
256886
257059
257102
257445
257492
257516
257618
257980
258102
258133
258250
258324
258398
258449
258664
258715
259045
259238
259252
259260
259318
259326
259331
259734
259817
260141
260337
260381
260535
260594
260656
260667
260998
261087
261146
261168
261219
261249
261309
261313
261324
261395
261398
261549
261635
261670
261755
261795
261921
261951
261956
262031
262075
262386
262438
262565
262678
262733
262750
262799
262805
262813
262966
263145
263188
263277
263335
263336
263625
263658
263698
263751
263814
263826
263892
263909
264113
264147
264207
264272
264386
264989
265202
265671
265843
265844
265848
266057
266177
266230
266248
266324
266444
266540
266763
266789
266856
267127
267349
267675
267771
267817
268115
268218
268224
268247
268291
268379
268430
268448
268594
268685
268702
268861
269238
269241
269343
269396
269557
269786
269970
270376
270396
270441
270541
270632
270903
270930
270976
271101
271122
271214
271289
271372
271639
271810
271820
272308
272351
272401
272482
272504
272861
273173
273255
273469
273515
273583
273747
273758
273843
273894
274021
274066
274281
274297
274462
274578
274615
274630
274668
274837
275013
275048
275272
275273
275304
275353
275418
275501
275606
275696
275711
275760
276163
276238
276250
276262
276343
276401
276436
276545
276717
276911
277042
277064
277327
277402
277437
277520
277669
277787
277921
278256
278290
278297
278390
278477
278651
278769
278790
278858
278933
278991
279110
279324
279478
279722
279807
279896
279954
280021
280182
280197
280345
280429
280873
281020
281141
281143
281287
281591
281742
281753
281774
281973
282044
282103
282263
282313
282315
282427
282512
282598
282710
282751
282881
282884
283148
283149
283203
283234
283274
283437
283463
283840
283902
283974
284012
284091
284209
284212
284264
284274
284298
284306
284465
284523
284548
284654
284739
284780
284939
285064
285241
285271
285293
285526
285619
285793
285814
285918
286057
286274
286361
286737
286778
286785
286810
286877
286960
287267
287338
287796
287808
287883
287916
287919
287973
287991
288024
288254
288301
288354
288376
288449
288582
288587
288751
288923
288973
289011
289062
289080
289100
289214
289229
289278
289342
289473
289661
289662
289714
289974
290093
290117
290198
290235
290805
291085
291114
291177
291182
291250
291331
291426
291565
291579
291605
291931
291943
291968
292070
292112
292161
292526
292835
292882
292897
292909
292910
292978
293069
293089
293168
293422
293638
293656
293742
293817
294078
294120
294148
294248
294251
294256
294273
294303
294444
294457
294510
294564
294895
294925
295065
295165
295338
295501
295601
295638
295996
296086
296127
296249
296346
296597
296641
296647
296756
296893
296963
297016
297065
297070
297229
297260
297360
297463
297479
297489
297538
297776
297957
297961
298015
298265
298474
298688
298852
298918
298999
299324
299493
299497
299523
299577
299618
299973
300085
300148
300199
300621
300661
300671
300766
300794
300887
301280
301302
301454
301713
301736
301743
302041
302185
302194
302261
302262
302412
302414
302474
302607
302636
302776
303083
303183
303409
303433
303452
303585
303590
303598
303674
303834
303840
304051
304079
304080
304117
304479
304682
304969
305054
305099
305276
305635
305661
305813
305923
306157
306279
306289
306338
306343
306389
306411
306614
306702
306726
306733
306805
306995
307000
307081
307172
307252
307373
307382
307446
307457
307469
307705
307801
307818
307835
307880
307960
307992
308099
308163
308682
308724
309055
309074
309090
309123
309191
309495
309577
309698
309705
309796
309808
309846
309940
310059
310079
310090
310201
310324
310330
310393
310704
310709
310923
310967
311151
311280
311314
311344
311525
311596
311996
312009
312110
312111
312115
312293
312462
312550
312555
312835
313251
313474
313527
313694
313782
313799
313844
313871
314186
314237
314244
314289
314476
314492
314679
314721
314761
314858
315063
315140
315151
315240
315263
315354
315365
315694
315779
315806
315913
315950
315997
316198
316389
316413
316471
316524
316584
316632
316676
316751
316775
316949
317026
317049
317150
317195
317204
317284
317316
317318
317348
317375
317429
317463
317471
317671
317777
317781
317811
317980
318028
318038
318248
318289
318308
318359
318435
318624
318726
318980
319038
319172
319234
319254
319279
319420
319531
319693
319734
319742
320010
320273
320350
320412
320452
320639
320652
320655
320722
320750
320789
320809
321119
321360
321450
321471
321520
321528
321680
321730
321733
321757
321777
321782
322103
322134
322473
322495
322554
322651
322665
322766
322862
322962
323044
323128
323182
323274
323435
323963
324078
324094
324125
324295
324301
324550
324639
324642
324666
324724
324804
324823
324958
324965
325023
325049
325129
325369
325581
325700
325730
325739
325859
326032
326089
326176
326290
326502
326711
326714
327023
327069
327583
327950
328021
328052
328094
328181
328190
328192
328285
328338
328412
328466
328472
328487
328745
328818
328931
329063
329293
329302
329327
329415
329498
329501
329591
329774
329932
329962
329980
330047
330155
330419
330459
330609
330652
330742
330846
331000
331063
331076
331080
331106
331182
331336
331373
331457
331561
331644
331652
331694
331791
331810
331934
331940
332143
332154
332192
332271
332409
332460
332463
332568
332664
332753
332883
332933
333009
333068
333161
333236
333330
333335
333390
333687
333706
333757
333759
333813
333887
333911
333982
334042
334220
334318
334322
334515
334790
334803
334833
334954
335050
335092
335649
335825
335880
335946
335970
336073
336270
336336
336504
336515
336837
337013
337244
337336
337340
337598
337660
337707
337882
337952
338029
338077
338123
338173
338471
338653
338690
338767
339157
339186
339343
339485
339558
339726
340091
340143
340153
340154
340191
340273
340297
340373
340667
340699
340705
340928
341133
341261
341266
341368
341449
341666
341788
341793
341959
342070
342074
342105
342163
342314
342568
342680
342750
342766
342872
342901
342984
342994
343291
343406
343584
343624
343670
343700
343706
343787
343861
343865
343912
344198
344400
344679
344824
344922
345111
345208
345256
345270
345283
345325
345465
345514
345522
345713
346044
346248
346374
346457
346467
346626
346679
346752
346776
346883
346909
347066
347129
347241
347256
347349
347379
347514
347594
347662
347767
347811
347892
347985
348024
348111
348458
348494
348501
348662
348800
348887
349162
349241
349341
349395
349462
349614
349755
349779
349918
350019
350023
350028
350287
350632
350760
350767
350808
350857
350971
351130
351161
351812
351847
352146
352198
352305
352354
352473
352704
352735
352815
352918
353053
353140
353387
353545
353698
353840
353915
353941
353987
354056
354124
354193
354318
354332
354384
354493
354511
354599
354742
354783
355005
355075
355079
355091
355112
355158
355464
355513
355683
355758
355781
355907
355934
356232
356297
356452
356464
356537
356832
356864
356964
357021
357041
357135
357256
357433
357543
357571
357691
357730
357904
357933
357989
358008
358014
358197
358255
358293
358309
358367
358474
358482
358705
358798
358867
358875
358896
359375
359384
359653
359696
359789
359901
359919
360184
360215
360373
360479
360622
360762
360814
360829
360893
360920
361018
361099
361120
361166
361495
361525
361537
361616
361690
361840
361853
361882
361952
362059
362154
362208
362381
362590
362594
362939
363251
363383
363414
363514
363692
363726
363762
363850
363972
364006
364021
364098
364165
364234
364625
364942
365091
365166
365224
365297
365438
365519
365526
365633
365709
365744
365796
365824
365935
366018
366027
366086
366098
366126
366192
366195
366252
366306
366349
366392
366405
366494
366799
366886
366943
366990
367247
367330
367376
367432
367583
367584
367678
367832
367930
367948
368032
368147
368209
368235
368273
368327
368360
368521
368522
368549
368642
368647
368672
368674
368820
368907
368977
368997
369008
369078
369110
369200
369302
369838
370170
370189
370274
370418
370595
370737
370740
370770
370929
370975
371008
371409
371415
371549
371621
371656
371700
371791
371939
371956
371990
372061
372174
372826
373026
373102
373117
373146
373167
373274
373296
373297
373543
373657
373770
373790
373849
373949
374039
374071
374436
374635
374990
375037
375210
375237
375301
375353
375423
375437
375693
375760
375849
375855
376104
376141
376236
376515
376624
376735
376794
376796
376839
376886
376995
377140
377243
377351
377354
377376
377484
377591
377734
377834
377911
377983
378026
378124
378152
378286
378340
378607
378686
378702
378797
378876
379076
379276
379303
379328
379648
379672
379838
379908
380047
380283
380385
380546
380881
380890
380900
380916
380982
380986
381242
381664
381894
381959
381963
382150
382225
382238
382341
382431
382479
382483
382510
382550
382622
382727
382759
382842
382857
382987
383094
383208
383296
383310
383369
383682
383704
383774
383856
384099
384285
384311
384352
384370
384681
384733
384745
384768
384937
385169
385269
385313
385357
385360
385470
385968
385984
386093
386162
386372
386453
386520
386603
386612
386676
386736
386884
387020
387118
387216
387241
387264
387334
387345
387395
387404
387419
387722
387735
387775
387782
387876
388024
388025
388201
388310
388361
388410
388809
388860
388904
389034
389253
389321
389383
389444
389517
389574
389722
389734
389778
389869
389882
390037
390064
390102
390627
390737
390812
390845
390962
391145
391155
391469
391570
391604
391731
391777
392003
392017
392093
392159
392490
392550
392638
392776
392882
392895
392936
392988
393057
393078
393161
393251
393260
393317
393436
393446
393451
393461
393468
393524
393555
393636
393681
393705
393782
393804
393901
394127
394176
394256
394267
394550
394675
394685
394853
394898
394900
394951
395058
395272
395278
395372
395395
395484
395487
395508
395549
395588
395837
395862
395887
395895
395987
396448
396582
396593
396617
396639
396649
396755
396841
396948
397183
397296
397390
397446
397738
397857
397868
397992
398088
398144
398284
398293
398424
398472
398689
398778
398905
398955
398964
399048
399080
399253
399473
399746
399801
400063
400115
400213
400370
400414
400604
400667
400735
401052
401206
401209
401226
401297
401615
401627
401677
401797
402107
402157
402204
402233
402421
402451
402473
402540
402624
402636
402665
402732
402744
402823
403041
403073
403227
403281
403345
403367
403584
403793
403822
403967
403991
404156
404289
404312
404384
404451
404508
404546
404588
404614
404628
404775
404831
404864
405015
405063
405131
405166
405299
405308
405583
405733
405956
405995
406021
406059
406061
406160
406219
406300
406521
406601
406635
406839
406980
407041
407113
407126
407377
407382
407429
407442
407687
407708
407724
407830
408000
408011
408024
408142
408211
408234
408254
408334
408384
408404
408474
408605
408608
408674
408761
408828
409092
409219
409361
409463
409554
409603
409749
409922
410075
410198
410335
410505
410521
410526
410634
410649
410755
410906
410987
411011
411076
411495
411538
411543
411658
411774
411804
411825
411843
412160
412323
412449
412476
412599
412602
412736
412777
412919
412924
412977
413012
413026
413435
413577
413619
413651
413833
413872
413893
413988
414087
414107
414227
414241
414293
414445
414522
414678
414708
414716
414951
414964
415198
415236
415554
415629
415730
415839
415897
416103
416231
416261
416268
416320
416465
416633
416671
416739
416770
416849
417104
417182
417250
417281
417283
417336
417578
417653
417719
417826
417875
417925
418144
418209
418233
418272
418293
418294
418328
418450
418486
418514
418535
418537
418625
418790
418858
418905
418940
419014
419186
419312
419319
419546
419603
419604
419822
420045
420224
420382
420767
420978
421005
421118
421126
421258
421333
421765
421821
422205
422209
422326
422366
422437
422526
422554
422556
422627
422650
422793
422846
423015
423069
423244
423269
423474
423500
423506
423584
423703
423742
423994
424024
424129
424225
424395
424568
424767
424818
424967
425068
425093
425272
425415
425438
425661
425682
425693
425755
425912
426032
426219
426270
426405
426580
426639
426774
426860
427470
427505
427683
427741
427789
427828
427830
428039
428062
428257
428490
428527
428553
428557
428623
428707
428904
429066
429203
429559
429578
429609
429738
429786
429805
429822
429825
429881
430006
430094
430124
430242
430288
430462
430472
430537
430619
430711
430751
431182
431311
431630
431767
432015
432042
432162
432196
432370
432814
433251
433324
433384
433510
433644
434201
434252
434329
434618
434672
434702
434792
434796
434888
435001
435233
435437
435477
435478
435495
435510
435533
435655
435828
435867
435912
435960
436108
436180
436235
436262
436276
436398
436423
436452
436566
436977
437137
437174
437233
437302
437556
437841
437924
437937
437960
437977
437994
438419
438442
438501
438648
438770
438828
438832
438949
438996
438997
439006
439109
439239
439357
439464
439508
439664
439726
439894
439910
439945
439972
440046
440163
440200
440244
440659
440675
440752
440876
441016
441053
441115
441264
441406
441498
441506
441721
441922
441980
442168
442388
442759
442801
442882
442924
442999
443379
443398
443404
443423
443568
443741
443869
444129
444270
444289
444372
444676
444783
445091
445146
445239
445290
445500
445546
445567
445587
445614
445670
445724
445725
445810
445812
445830
445833
445851
445941
445951
445954
446295
446296
446306
446373
446406
446425
446435
446508
446533
446701
446728
446881
446932
446952
446964
447058
447062
447076
447148
447205
447341
447346
447379
447453
447466
447507
447535
447572
447645
447669
447833
447840
447864
448135
448310
448348
448369
448466
448705
448833
448872
449181
449197
449612
449825
449844
449849
449864
449987
450070
450530
450563
450741
450828
450859
450919
451144
451241
451312
451479
451672
451829
452034
452507
452791
452818
452850
452918
453050
453072
453185
453377
453416
453421
453442
453577
453589
453617
453786
453854
453860
453993
454242
454327
454451
454479
454562
454784
454858
454910
454930
455028
455096
455272
455483
455485
455602
455651
455808
455924
455964
455978
455992
456033
456080
456250
456384
456440
456481
456611
456616
456645
456724
456728
456830
456906
456935
457107
457139
457154
457212
457490
457494
457511
457540
457565
457580
457621
457627
457694
457739
458368
458371
458403
458418
458423
458498
458561
458668
458779
458820
458905
459043
459243
459262
459297
459340
459348
459366
459483
459496
459569
459587
459760
460011
460019
460119
460130
460158
460177
460231
460291
460488
460630
460687
460717
460768
460840
460878
460982
461065
461110
461326
461526
461542
461622
461662
461739
461769
461910
461959
462049
462209
462419
462426
462465
462581
462642
462918
462982
463400
463435
463461
463496
463597
463609
463631
463677
464081
464160
464162
464211
464354
464445
464624
464769
464883
464989
465254
465281
465287
465498
465540
465600
465608
465738
465768
465877
465893
465905
466113
466232
466302
466331
466343
466408
466621
466751
466767
466886
467147
467613
467839
467845
467874
468038
468042
468248
468294
468738
468869
469010
469169
469227
469374
469566
469594
469632
469836
469845
469890
469914
470070
470199
470347
470410
470470
470483
470492
470555
470566
470603
470605
470688
470718
470820
470933
470960
471183
471192
471402
471594
471635
472059
472067
472082
472164
472310
472439
472565
472795
472984
473287
473463
473476
473762
473996
474109
474253
474537
474570
474577
474646
474662
474720
475213
475271
475461
475650
476037
476124
476140
476144
476170
476230
476322
476352
476358
476532
476619
476629
476716
477013
477391
477439
477463
477614
477748
477871
477958
478229
478306
478317
478322
478403
478419
478581
478635
478644
478659
478730
478762
478827
478901
479089
479264
479369
479416
479557
479612
479722
479782
479826
479996
480138
480343
480473
480604
480675
480703
480767
480785
480952
481260
481270
481291
481753
481754
481760
481911
481975
482178
482284
482366
482384
482411
482413
482428
482523
482745
482746
482864
482887
483042
483074
483164
483226
483343
483401
483589
483598
483631
483638
483720
483742
483758
483763
483916
484040
484126
484153
484507
484556
484564
484748
484821
484849
485694
485753
485847
485863
486086
486098
486229
486278
486416
486464
486549
486555
486600
486663
486664
486705
486715
486784
487040
487204
487256
487280
487317
487326
487726
487910
487969
488346
488491
488500
488549
488640
489039
489111
489117
489144
489345
489466
489471
489484
489690
489696
489790
489869
489963
490111
490186
490231
490244
490254
490416
490700
491028
491509
491574
491709
491737
491811
491880
492388
492471
492831
492838
492966
492978
493112
493138
493258
493316
493459
493486
493498
493596
493747
494047
494109
494159
494160
494482
494529
494745
494841
494849
494994
495151
495267
495439
495494
495535
495559
495585
495613
495659
495669
495720
495752
495892
495905
495933
495948
495961
496115
496129
496206
496461
496806
496988
497134
497136
497263
497569
497621
497744
497753
497933
497958
497959
497969
498102
498110
498154
498175
498237
498251
498689
498746
498890
499060
499062
499082
499366
499531
499707
499783
499833
499942
500044
500181
500198
500243
500441
500457
500496
500571
500714
500727
500843
501099
501240
501259
501308
501589
501775
501856
501913
501959
502024
502126
502168
502312
502360
502616
502724
502765
502842
502877
503206
503209
503389
503464
503466
503672
503702
503827
504034
504098
504119
504250
504330
504830
504855
505064
505480
505740
506007
506150
506323
506331
506463
506642
506866
506975
507125
507283
507425
507677
507885
507969
508174
508209
508292
508313
508471
508478
508583
508694
508701
508744
508835
508887
508981
509044
509113
509124
509156
509225
509484
509544
509725
509800
509991
510073
510183
510415
510467
510587
510708
510717
510749
511103
511222
511244
511276
511321
511446
511523
511540
511552
511571
511584
511626
511869
512103
512109
512111
512125
512180
512327
512378
512445
512481
512485
512497
512552
512716
512731
512810
512904
513047
513063
513151
513194
513384
513410
513477
513501
513519
513565
513577
513917
514161
514317
514454
514473
514531
514545
514670
514757
514780
514799
514848
515060
515141
515153
515155
515256
515307
515334
515450
515482
515490
515540
515629
515742
515764
515947
515959
516139
516151
516523
516571
516742
516745
516832
516938
516945
517049
517067
517213
517237
517248
517292
517510
517563
517595
517649
517734
517804
517810
517865
517966
518062
518117
518229
518290
518647
518700
518756
518767
518840
518913
519007
519038
519073
519116
519143
519314
519400
519483
519592
519641
519669
519741
519813
519865
519892
519938
519977
520004
520084
520216
520226
520244
520254
520358
520388
520477
520500
520797
520893
520981
521061
521145
521205
521425
521442
521520
521657
522012
522092
522149
522233
522252
522332
522389
522412
522571
522662
522866
522929
523078
523094
523249
523299
523482
523615
523623
523724
523769
524000
524109
524200
524207
524405
524476
524585
524651
524652
524853
525048
525159
525293
525426
525469
525472
525866
526052
526150
526367
526967
527029
527271
527315
527425
527465
527757
527866
528223
528232
528577
528614
528727
528806
528879
528981
529101
529218
529247
529250
529290
529311
529350
529567
529690
529792
529896
529997
530030
530093
530148
530269
530369
530543
530560
530863
531316
531378
531469
531762
531814
531836
532195
532251
532280
532380
532512
532616
532668
532731
532756
532774
532994
533005
533027
533289
533405
533448
533821
534070
534309
534334
534585
534706
534836
535101
535121
535215
535265
535610
535630
535709
535787
535807
535833
535918
535920
536049
536142
536151
536199
536239
536250
536282
536290
536599
536624
536771
536805
536868
536996
537134
537140
537233
537404
537575
537582
537594
537627
537643
537664
537839
538374
538616
538653
538676
538693
538962
539104
539189
539226
539317
539391
539501
539714
539829
540019
540109
540350
540355
540367
540486
540599
540756
541005
541080
541184
541271
541300
541416
541485
541541
541616
542063
542138
542251
542277
542296
542326
542610
542746
543067
543107
543255
543283
543305
543555
543573
543591
543617
543770
543877
543885
543922
543951
544067
544071
544106
544311
544384
544445
544448
544487
544666
544716
544736
544797
544923
545112
545466
545590
545708
545718
545881
545911
545977
546017
546116
546223
546335
546421
546649
546716
546760
546762
546898
546984
547070
547363
547378
547555
547902
547903
547931
548020
548089
548125
548177
548312
548513
548785
548814
548834
548859
549187
549637
549846
549879
550247
550290
550299
550311
550384
550485
550545
550597
550599
550600
550800
550835
550852
551002
551005
551034
551078
551235
551287
551370
551499
551560
551619
551777
551881
551938
552088
552114
552150
552196
552267
552356
552423
552598
552610
552680
552693
552819
552889
552898
552904
553057
553277
553397
553446
553752
553883
554002
554044
554048
554178
554220
554322
554335
554377
554553
554676
554872
554888
555125
555236
555271
555497
555708
555970
556002
556046
556087
556129
556132
556150
556381
556408
556437
556650
556680
556733
556868
556958
557088
557164
557202
557261
557309
557535
557641
557666
557669
557679
557832
557872
557896
557903
558002
558060
558219
558439
558573
558852
558864
558878
559121
559166
559292
559401
559433
559464
559546
559666
559685
559705
559759
559771
559872
560303
560675
561006
561061
561154
561228
561257
561259
561396
561448
561632
561686
561710
561906
561987
562007
562300
562393
562505
562608
562697
562716
562817
563037
563049
563060
563123
563136
563183
563192
563265
563295
563337
563568
563612
563718
563976
564015
564080
564084
564170
564214
564261
564456
564625
564957
565165
565226
565294
565335
565344
565405
565649
565666
565670
565756
565927
565985
566111
566156
566340
566401
566431
566469
566721
566854
566869
566887
566930
567166
567196
567246
567321
567489
567618
567634
567688
567693
567769
567799
567860
567979
567996
567997
568014
568035
568125
568161
568203
568207
568216
568234
568246
568327
568516
568626
568978
568985
569026
569034
569102
569176
569615
569655
569720
569782
569854
569861
569877
570005
570035
570158
570222
570273
570341
570350
570530
570761
570851
570870
570909
571163
571198
571446
571509
571558
571611
571834
571917
571942
572002
572208
572279
572433
572599
572821
572896
572904
573068
573182
573192
573264
573457
573640
573817
573908
573945
574023
574033
574079
574090
574119
574183
574204
574326
574523
574542
574625
574654
574720
574809
574910
574948
575044
575167
575257
575494
575744
575780
575872
575948
575964
576001
576177
576212
576304
576319
576344
576749
576793
576853
576905
576908
576950
577006
577039
577050
577225
577232
577315
577547
577599
577637
577676
577757
577773
577795
577802
577877
577904
577911
577918
578064
578104
578200
578236
578264
578351
578402
578567
578607
578928
578985
579009
579138
579172
579376
579399
579416
579492
579568
579618
579659
579794
579869
580001
580014
580244
580271
580311
580334
580336
580426
580458
580469
580537
580586
580650
580871
580894
581164
581305
581417
581468
581614
581679
581693
581797
581955
582046
582247
582269
582283
582302
582371
582481
582505
582547
582593
582787
582803
582822
582975
583007
583042
583045
583052
583079
583128
583202
583245
583362
583366
583393
583772
583838
583963
583995
584208
584221
584223
584530
584582
584585
584629
584663
584727
584830
584838
585051
585071
585102
585108
585273
585279
585452
585519
585651
585769
586013
586127
586284
586286
586573
586751
586982
587003
587048
587248
587252
587395
587408
587500
587648
587671
587826
587848
587906
587917
588026
588036
588076
588318
588345
588375
588401
588552
588556
588630
588804
589042
589203
589284
589713
589927
589937
589956
590013
590121
590223
590409
590430
590505
590744
590987
591273
591386
591463
591517
591559
591568
591611
591644
591697
591998
592055
592170
592368
592448
592631
592633
592865
592935
593225
593492
593570
593650
593922
594101
594134
594536
594742
594794
594852
594903
594911
595031
595159
595207
595237
595263
595362
595435
595467
595627
595800
595898
595954
596163
596208
596220
596222
596224
596372
596473
596609
596710
596973
597122
597202
597274
597439
597538
597631
597720
597731
597739
597775
597855
597921
598011
598220
598538
598573
598619
598767
598967
598969
599108
599128
599138
599269
599354
599493
599562
599592
599598
599636
599729
599871
599872
599901
599969
600015
600072
600144
600200
600274
600309
600312
600333
600354
600367
600376
600586
600682
601077
601206
601532
601588
601731
601855
601884
601890
602034
602083
602184
602266
602308
602450
602470
602616
602627
602765
602795
603003
603087
603157
603167
603358
603515
603521
603632
603813
603893
604032
604089
604102
604148
604162
604217
604220
604263
604295
604324
604408
604565
604582
604599
604609
604752
604857
604878
605057
605245
605262
605431
605629
605672
605740
605749
605754
605823
605886
605889
605890
606034
606315
606361
606586
606589
606612
606618
606711
606743
607511
607582
607639
607670
607685
607700
607755
607813
607839
607856
607917
607926
607965
608195
608261
608436
608573
608845
608879
608947
609191
609233
609269
609468
609482
609543
609725
609796
609798
609969
610071
610311
610381
610500
610511
610600
610782
610881
610896
610901
611211
611551
611565
611707
611723
611823
611868
611889
611907
611997
612076
612152
612237
612263
612281
612488
612627
612761
612765
612795
612872
613011
613092
613182
613219
613232
613332
613374
613416
613437
613492
613519
613663
613694
613706
613786
613848
614004
614182
614211
614288
614358
614408
614449
614475
614603
614611
614627
614726
614943
614966
615123
615209
615343
615453
615492
615497
615498
615502
615518
615609
615647
615691
615762
615798
615836
616063
616370
616512
616579
616787
616908
617286
617297
617343
617589
617626
617676
617967
618163
618378
618386
618684
618788
618864
618966
618968
619042
619388
619449
619674
619790
619817
619874
619982
620128
620237
620392
620407
620739
620947
620949
621067
621129
621178
621284
621576
621665
621666
621748
621902
621906
621938
622002
622074
622103
622213
622225
622387
622532
622733
622792
622796
623111
623156
623313
623372
623550
623561
623581
623868
624030
624630
624747
624850
624939
625051
625114
625130
625193
625233
625264
625365
625369
625386
625492
625608
625729
625811
625824
625929
625941
626308
626347
626377
626511
626608
626625
626630
626666
626716
626753
626872
626953
627065
627076
627094
627168
627174
627193
627309
627453
627532
627588
627807
627904
628030
628109
628130
628380
628606
629188
629196
629223
629456
629458
629568
629587
629701
629984
630196
630211
630375
630387
630408
630453
630642
630777
630983
631053
631068
631163
631209
631595
631783
631972
632036
632039
632085
632109
632112
632169
632172
632376
632475
632667
632755
632891
632906
632947
633079
633379
633832
633941
633957
634018
634111
634151
634197
634199
634212
634245
634359
634640
634755
635060
635129
635310
635822
635969
635996
636069
636175
636428
636442
636562
636731
636874
637011
637108
637319
637359
637380
637699
637789
637801
637908
638514
638619
638645
638678
638876
638920
638937
638964
639201
639327
639332
639384
639396
639590
639708
639892
640095
640119
640216
640293
640333
640381
640739
640788
641004
641085
641140
641173
641386
641424
641591
641632
641872
642007
642066
642160
642333
642462
642529
642576
642683
642788
642801
642877
642881
642914
642959
643026
643530
643721
643912
644182
644191
644249
644282
644318
644343
644383
644386
644558
644627
644675
644904
644955
645068
645270
645274
645350
645639
645719
645894
646011
646035
646061
646189
646325
646453
646519
646555
646882
647081
647322
647475
647536
647547
647690
647763
647828
648020
648028
648036
648058
648086
648287
648307
648345
648402
648545
648571
648594
648820
648952
648968
648991
649026
649184
649298
649305
649380
649413
649426
649446
649496
649673
649799
649814
649878
649923
649954
650092
650478
650855
650902
651325
651336
651382
651395
651440
651457
651479
651541
651577
651651
651940
652002
652051
652080
652091
652107
652194
652263
652269
652276
652403
652404
652516
652632
652839
652854
652883
652890
653048
653069
653111
653578
653601
653632
653647
653670
653721
653770
653897
654027
654061
654092
654190
654590
654908
655163
655398
655406
655431
655724
655795
655839
655896
655897
656128
656625
656657
656707
656820
656884
657020
657042
657100
657203
657223
657411
657465
657496
657572
657595
657605
657731
657763
657838
657845
657928
658086
658120
658341
658439
658460
658484
658534
658717
658798
658891
658974
659045
659055
659263
659288
659361
659488
659595
659651
659672
659830
659838
659872
659881
659882
659962
660112
660118
660181
660357
660531
660542
660951
660998
661024
661148
661352
661371
661447
661510
661552
661684
661723
661812
661873
661913
661928
662001
662045
662191
662216
662276
662282
662410
662485
662626
662747
662928
663038
663137
663199
663434
663531
663608
663710
663844
663903
664081
664187
664250
664336
664432
664478
664589
664820
664822
664861
664952
664974
664979
665044
665181
665268
665357
665435
665438
665725
665913
665952
665980
666194
666201
666208
666361
666636
666639
666669
666733
666744
666787
666831
666848
667116
667159
667444
667448
667614
667642
667726
667786
667937
667946
668021
668096
668099
668178
668208
668264
668404
668423
668790
668934
668945
669013
669195
669231
669445
669494
669651
669671
669718
669774
669782
669783
669830
669966
670892
671004
671059
671079
671192
671274
671318
671420
671431
671459
671475
671567
671935
672030
672069
672155
672305
672401
672461
672465
672613
672672
672876
672882
672961
673093
673483
673531
673714
673752
673807
673937
673960
674090
674100
674340
674610
674806
674887
674929
675010
675043
675413
675463
675474
675572
675726
675787
675893
676030
676105
676134
676169
676220
676247
676282
676302
676393
676438
676477
676482
676491
676497
676573
676710
676722
677028
677062
677077
677229
677331
677429
677509
677544
677689
677765
677983
678009
678084
678251
678340
678459
678479
678603
678638
678712
678714
678803
678819
678965
679002
679049
679131
679200
679262
679329
679385
679442
679501
679570
679738
679784
680181
680211
680299
680392
680449
680453
680477
680542
680543
680589
681009
681102
681129
681426
681460
681479
681583
681642
681948
681966
682054
682070
682217
682517
682631
682660
682673
682676
682855
682963
682977
683053
683158
683324
683480
683633
683650
683689
683702
683875
683919
683972
684193
684260
684278
684291
684303
684371
684598
684647
684693
684829
684853
684892
684961
685103
685313
685401
685506
685550
685673
685727
686000
686056
686110
686138
686375
686464
686522
686541
686570
686582
686605
686641
686774
686815
687201
687208
687228
687358
687472
687566
687823
687826
687845
687970
688062
688114
688121
688123
688803
688871
689067
689125
689306
689546
689685
689686
689718
689806
689867
689895
689929
689949
689984
690023
690073
690152
690178
690189
690208
690418
690442
690500
690593
690707
690787
690832
690888
690914
691376
691528
691623
691675
691720
691766
691903
692002
692107
692336
692637
692701
692905
693056
693099
693208
693342
693393
693402
693603
693615
693634
693653
693786
693919
693958
694016
694139
694158
694503
694520
694543
694545
694628
694631
694910
694940
695302
695325
695333
695460
695544
695569
695630
695848
695856
695915
695933
696150
696319
696660
696707
696768
696813
696823
696912
696968
697011
697096
697209
697238
697354
697418
697540
697587
697658
697804
697907
698016
698097
698132
698216
698291
698298
698474
698544
698607
698815
698885
698950
699106
699111
699140
699152
699313
699445
699452
699640
699661
699687
699793
699862
699972
700149
700169
700290
700385
700386
700456
700530
700555
700563
700869
700901
700927
701397
701440
701573
701584
701838
701887
702182
702187
702225
702299
702394
702464
702536
702693
702747
702809
702999
703113
703151
703152
703422
703470
703564
703578
703579
703675
703724
703733
703931
703938
703973
703998
704144
704411
704559
704936
705049
705051
705065
705159
705185
705378
705392
705622
705694
705923
706068
706193
706268
706377
706399
706421
706766
706821
706993
707008
707061
707101
707123
707130
707179
707286
707507
707535
707623
707668
707776
707833
708217
708404
708407
708413
708923
709021
709068
709102
709103
709171
709226
709258
709358
709582
709591
709613
709754
709758
710048
710088
710489
710510
710685
710733
710965
711024
711045
711074
711079
711082
711130
711139
711321
711390
711454
711500
711583
711853
712025
712030
712036
712141
712146
712149
712275
712442
712500
712505
712616
712715
712738
712785
713022
713074
713213
713230
713495
713716
713745
713910
713982
714030
714100
714114
714167
714278
714280
714341
714423
714474
714624
714810
714824
715024
715029
715038
715174
715255
715277
715331
715456
715575
715581
715594
715612
715621
715905
715939
716024
716210
716674
716949
716990
717069
717121
717125
717195
717296
717335
717359
717428
717654
717730
717846
717890
718021
718134
718165
718182
718265
718303
718343
718393
718421
718662
718794
718814
718819
718960
718973
719099
719132
719200
719269
719337
719494
719582
719603
719651
719729
719915
719954
720023
720051
720102
720120
720303
720532
720641
720782
720956
721144
721165
721179
721241
721311
721325
721339
721445
721447
721528
721545
721678
721716
721768
721847
721922
722029
722400
722532
722643
722723
722747
722805
722841
722886
723120
723180
723233
723249
723310
723330
723343
723363
723525
723529
723585
723676
723733
723920
723945
723981
724073
724257
724324
724357
724479
724576
724600
724628
724825
724923
725066
725157
725179
725255
725285
725303
725587
725643
725709
725902
725921
726018
726033
726178
726519
726530
726617
726645
726792
726916
726967
727002
727036
727245
727368
727458
727490
727573
727633
727725
727830
727878
727977
728014
728143
728145
728435
728454
728543
728807
728822
728865
728938
729127
729150
729200
729213
729310
729338
729352
729388
729628
729702
729834
729890
729959
730063
730145
730205
730278
730299
730331
730406
730451
730465
730523
730705
730742
730768
731147
731467
731531
731558
731615
731634
731644
731683
731691
731726
731802
731810
731979
732081
732193
732449
732560
732561
732587
732623
732680
732774
732900
733181
733220
733430
733550
733561
733587
733588
733914
733929
733940
733962
734081
734104
734193
734202
734277
734280
734520
734556
734659
735214
735425
735514
735715
735863
735911
736045
736121
736124
736132
736391
736445
736503
736524
736655
736692
737226
737315
737610
737637
737794
737888
737931
738048
738071
738404
738406
738474
738584
738621
738629
738757
738983
739193
739246
739252
739442
739445
739724
739902
739948
740171
740279
740367
740385
740517
740526
740609
741188
741348
741446
741557
741921
742010
742078
742401
742443
742515
742777
742837
743037
743090
743153
743496
743659
743685
743760
743761
743929
743997
744044
744079
744116
744125
744302
744324
744328
744472
744527
744720
744891
744961
744967
745369
745411
745467
745544
745643
745693
745839
745857
745867
745889
746095
746107
746220
746379
746594
746719
746854
746892
747259
747287
747289
747328
747368
747409
747471
747681
748010
748126
748161
748331
748335
748442
748458
748479
748665
748671
748714
748739
748750
748767
748778
748884
749214
749345
749353
749396
749470
749479
749507
749680
749774
749807
749868
749913
750102
750208
750526
750642
750812
751037
751051
751060
751152
751218
751524
751543
751557
751595
751664
751855
752062
752138
752162
752260
752261
752351
752358
752552
752556
752651
752751
752911
752932
752938
752985
753101
753239
753454
753515
753693
753770
754100
754287
754308
754352
754680
755179
755270
755320
755477
755530
755660
755669
755763
755805
755845
755860
755906
756159
756174
756372
756387
756586
756697
756831
756857
756933
757015
757049
757094
757212
757365
757465
757560
757565
757607
757779
757790
757875
757989
758000
758124
758155
758214
758250
758382
758412
758431
758497
758506
758519
758572
758666
758676
758738
758861
759152
759544
759607
759646
759693
760034
760063
760143
760236
760307
760333
760420
760435
760740
760771
760843
760849
760883
760954
761011
761108
761136
761209
761345
761369
761386
761427
761535
761543
761625
761746
761828
761838
762017
762063
762275
762560
762733
762780
762876
762898
762920
762934
763219
763237
763300
763355
763417
763427
763446
763614
763732
763868
764250
764330
764477
764739
764823
764933
764955
765183
765385
765419
765480
765504
765539
765609
765697
765851
766080
766181
766289
766543
766674
766760
766987
766999
767018
767062
767118
767123
767204
767310
767329
767350
767583
767635
767677
767705
767788
767818
767819
767919
768202
768242
768387
768455
768574
768801
769117
769154
769178
769227
769356
769423
769552
769691
769698
769727
769748
769789
769797
770037
770103
770174
770634
770830
770965
771338
771368
771440
771580
771582
771644
771666
771769
771813
771897
772177
772235
772312
772542
772661
772667
772711
772867
772987
773003
773043
773148
773548
773656
773711
773715
773943
774053
774134
774145
774210
774455
774498
774571
774572
774595
774674
774676
774709
774759
774824
774839
774934
775093
775245
775456
775749
775879
775920
775982
776013
776031
776253
776281
776293
776719
776806
776927
776986
776998
777034
777096
777100
777126
777144
777354
777369
777386
777822
778317
778366
778440
778564
778910
779313
779336
779342
779375
779461
779802
779938
779996
780060
780135
780206
780304
780489
780744
780747
780748
780831
780862
780877
781229
781317
781438
781456
781497
781562
781570
781605
781660
781770
781805
782136
782200
782303
782502
782537
782578
782592
782627
782842
782872
783156
783199
783329
783528
783569
783818
784219
784259
784271
784294
784321
784410
784524
784582
784663
784777
784863
785110
785130
785146
785182
785438
785741
785760
785900
785962
786021
786227
786614
786626
786676
786873
786948
786968
787022
787053
787201
787311
787323
787424
787587
787726
788022
788052
788055
788075
788083
788140
788207
788385
788515
788549
788713
788727
788745
788831
788871
788990
789190
789304
789315
789444
789558
789577
789600
789620
789664
790120
790121
790262
790427
790532
790568
790622
790923
791021
791034
791059
791331
791506
791734
791786
791910
791971
791999
792091
792107
792143
792162
792169
792188
792214
792287
792331
792335
792429
792444
792609
792625
792769
792811
792913
792927
793128
793190
793235
793376
793489
793577
793978
794070
794215
794236
794334
794379
794641
794735
794861
794909
795051
795077
795223
795229
795232
795246
795250
795283
795573
795683
796071
796072
796150
796284
796298
796360
796479
796863
797016
797102
797212
797233
797278
797599
797633
797762
797835
797908
798026
798067
798412
798644
798685
798874
798923
799058
799073
799178
799179
799298
799445
799498
799556
799603
799604
799744
799880
799912
800025
800109
800142
800317
800342
800384
800422
800424
800718
800808
801093
801369
801480
801503
801849
801853
801889
801948
802050
802104
802116
802245
802271
802411
802470
802496
802650
802681
802821
802916
802924
803063
803138
803224
803266
803365
803380
803464
803556
803654
803889
804025
804067
804108
804123
804162
804288
804410
804427
804573
804752
805076
805119
805190
805443
805501
805580
805638
805772
805795
805876
806261
806272
806350
806488
806519
806603
806831
806872
807038
807105
807235
807247
807308
807404
807675
807681
808187
808190
808304
808399
808630
808803
808844
808879
809031
809566
809583
809674
809675
809751
809804
809813
809965
809972
809999
810071
810363
810448
810541
810560
810588
810617
811077
811126
811138
811206
811215
811238
811359
811504
811510
811570
811973
811996
812059
812075
812391
812650
812707
812805
812818
812975
813197
813333
813505
813648
813659
813754
813882
814016
814096
814214
814305
814433
814607
814615
814668
814797
814976
815098
815195
815379
815438
815568
815687
815784
816127
816285
816582
816725
816766
816788
816839
816920
817186
817214
817353
817357
817630
817737
818464
818599
818613
818643
818662
818697
818753
819048
819163
819181
819195
819302
819303
819305
819332
819366
819398
819529
819545
819597
819613
819626
819820
819924
820195
820299
820315
820405
820515
820538
820656
820677
820700
820730
820732
820766
820947
821070
821141
821178
821232
821315
821915
821967
822008
822032
822254
822359
822434
822513
822644
822680
822735
822899
822992
823147
823151
823426
823475
823604
823637
823700
823722
823989
823991
824029
824040
824311
824403
824440
824502
824553
824650
824699
824832
824937
825063
825099
825320
825346
825357
825399
825432
825511
825542
825669
825811
826148
826154
826367
826391
826422
826437
826495
826680
826741
826835
827121
827202
827206
827247
827489
827532
827620
827691
827777
827895
828546
828568
828591
828707
828885
828938
829015
829062
829077
829197
829230
829295
829349
829401
829436
829487
829542
829561
829608
829620
829624
829651
829758
829837
829873
829918
830132
830141
830154
830175
830406
830531
830651
830721
830992
831167
831199
831357
831382
831499
831632
831854
832037
832183
832185
832251
832307
832343
832349
832514
832560
832600
832686
832729
832766
832807
832940
833096
833116
833153
833318
833349
833354
833489
833508
833534
833551
833695
833835
833900
833931
834181
834193
834429
834460
834531
834550
834686
834877
834926
834929
835062
835180
835234
835384
835510
835683
835704
835724
835793
835917
836001
836117
836140
836307
836344
836347
836377
836396
836492
836630
836651
836734
836755
836869
836921
836942
837078
837458
837532
837578
837821
838319
838388
838401
838431
838500
838601
838618
839273
839299
839381
839510
839598
839842
839884
839971
839987
840019
840072
840667
841000
841061
841090
841149
841253
841311
841539
841554
841584
841971
842079
842191
842486
842502
842563
842689
842712
843186
843338
843404
843756
843844
843943
844349
844619
844669
844703
844815
844863
845029
845301
845328
845424
845448
845574
845699
846046
846141
846314
846381
846420
846487
846926
846928
847002
847080
847247
847304
847339
847358
847444
847482
847571
847592
847623
847645
847700
847893
847911
847977
848248
848270
848412
848423
848461
848537
848724
848787
849089
849283
849462
849506
849662
849701
849877
849957
850356
850514
850561
850582
850584
850752
850803
850837
850853
850860
850916
851105
851164
851384
851397
851454
851501
851583
851647
851655
851872
852148
852332
852372
852448
852584
852646
852695
852738
852787
852814
852961
853108
853111
853150
853197
853237
853272
853487
853488
853546
853553
853575
853588
853596
853740
853747
853855
854020
854031
854215
854314
854354
854731
854780
854822
854846
854867
854902
854964
855082
855205
855412
855426
855517
855595
855639
855665
855704
855835
856020
856164
856246
856666
856732
856787
856867
857140
857152
857205
857207
857279
857416
857426
857646
857698
857842
857905
857915
857921
857922
857965
858008
858013
858053
858288
858346
858422
858441
858516
858608
858846
858889
858998
859017
859101
859266
859329
859501
860010
860063
860066
860084
860164
860305
860326
860344
860439
860482
860525
860758
860899
861178
861826
861842
861960
861963
862069
862089
862124
862270
862492
862541
862666
862719
862733
862738
862966
863051
863278
863458
863523
863622
863678
863732
863859
863861
863960
863962
864054
864202
864232
864543
864652
864708
864761
864810
864914
864925
865161
865359
865424
865724
865739
865889
865924
866137
866230
866233
866278
866352
866365
866675
866903
867121
867278
867695
867709
867716
868020
868147
868287
868368
868405
868576
868811
868824
868903
868957
869122
869214
869241
869292
869372
869569
869676
869796
869875
869953
870205
870266
870300
870456
870581
870740
870787
870843
870847
870862
870883
870929
870987
871163
871165
871205
871376
871398
871524
871535
871618
871719
871863
872061
872168
872349
872485
872507
872717
872793
872944
873062
873145
873182
873568
873577
873803
873832
873879
873948
874029
874053
874110
874139
874173
874197
874323
874362
874374
874484
874617
874721
874963
875127
875371
875433
875505
875643
875833
875862
876054
876082
876173
876286
876550
876588
876854
876888
876948
877251
877334
877735
877757
877862
878102
878482
878492
878806
879164
879250
879327
879385
879818
879831
879842
880033
880072
880100
880143
880397
880478
880492
880814
880953
881033
881039
881174
881223
881325
881331
881413
881427
881471
881480
881511
881740
881741
881768
881995
882264
882322
882473
882668
882707
882750
882778
882828
883069
883208
883228
883297
883350
883444
883588
883607
883687
883688
883711
883860
883872
883878
883906
884309
884522
884850
884873
884891
884911
884941
885806
885843
885859
886026
886378
886418
886438
886594
886705
886725
886797
886802
886814
886852
887040
887076
887161
887171
887182
887313
887315
887501
887608
887929
888294
888382
888410
888416
888449
888518
888533
888547
888556
888595
888605
888725
888787
889012
889157
889163
889362
889403
889570
889627
889779
889780
889896
889912
889963
889970
890072
890093
890123
890137
890182
890217
890295
890382
890643
890682
890807
891076
891150
891184
891221
891378
891591
891625
891837
891945
892123
892509
892650
892728
892730
892740
892775
892785
892849
892970
892980
892993
893052
893394
893495
893619
893636
893770
893855
893927
893928
894149
894572
894656
894682
894781
894833
894924
894956
895064
895341
895344
895477
895665
896083
896195
896200
896400
896462
896668
896681
896701
896918
897110
897332
897337
897799
897808
897813
897867
898015
898070
898344
898457
898487
898568
898623
898654
898668
898786
898819
899087
899499
899659
899705
899725
899734
899849
899896
900045
900167
900239
900268
900399
900489
900510
900695
900840
900887
901143
901523
901876
901901
901946
902014
902051
902225
902441
902509
902588
902632
902656
902676
902750
902780
903012
903219
903323
903336
903425
903452
903517
903990
904016
904060
904090
904104
904132
904394
904449
904565
904667
904802
904834
905039
905106
905120
905129
905160
905195
905286
905450
905638
905664
906092
906106
906192
906229
906251
906279
906452
906595
906650
906701
906834
906859
906995
907036
907053
907065
907527
907589
907695
907956
908030
908125
908205
908261
908333
908376
908619
908766
908845
908858
908944
908987
909144
909371
909372
909514
909573
909740
909850
910033
910103
910115
910255
910367
910368
910482
910630
910807
910953
911064
911108
911246
911316
911701
911748
911756
911913
911983
912025
912052
912155
912357
912396
912503
912643
912717
912994
913010
913032
913256
913267
913304
913311
913358
913359
913425
913765
914116
914448
914543
914724
914740
914801
914827
914888
915078
915136
915406
915479
915490
916193
916233
916264
916317
916387
916407
916444
916479
916557
917035
917182
917191
917192
917485
917496
917533
917643
917801
917825
917893
917978
918059
918198
918244
918252
918333
918444
918461
918470
918581
918593
918603
918813
918896
918962
918977
919111
919166
919167
919391
919408
919410
919423
919700
919911
920019
920044
920070
920304
920437
920488
920599
920655
920763
920871
920919
921041
921054
921058
921086
921092
921166
921728
921786
921797
921824
922000
922048
922050
922052
922165
922198
922318
922364
922384
922499
922588
922716
923059
923134
923162
923315
923344
923865
923970
924004
924006
924042
924081
924145
924180
924191
924281
924344
924733
924782
924841
925125
925135
925212
925243
925307
925372
925510
925621
925646
925649
925672
925817
925842
925913
926313
926430
926497
926625
926711
926757
926765
926766
926770
926784
926868
926997
927008
927023
927033
927062
927413
927438
927516
927690
927698
927838
927889
928242
928478
928522
928536
928643
928704
928761
928764
928812
928840
928871
928927
928966
929100
929241
929318
929372
929376
929439
929537
929567
929649
929685
929690
929735
929748
929762
929846
929971
930110
930487
930602
930676
930734
930868
930958
930984
931076
931099
931149
931256
931291
931418
931465
931546
931585
931753
931773
931795
931800
931916
932039
932136
932257
932286
932420
932698
932701
932764
932832
932842
932850
932996
933151
933293
933356
933735
933766
933912
933993
934026
934203
934269
934279
934313
934495
934543
934552
934558
934772
934803
934815
934835
934883
934918
934927
934987
935131
935145
935159
935584
935912
935944
936020
936550
936580
936581
936582
937029
937049
937213
937239
937245
937353
937358
937440
937449
937503
937606
937855
937922
937999
938014
938036
938093
938108
938128
938216
938302
938320
938371
938688
938990
939083
939165
939205
939230
939258
939277
939396
939463
939639
939661
939777
939784
939903
940036
940142
940326
940342
940479
940679
940686
940966
941006
941207
941292
941868
941913
942067
942072
942140
942386
942387
942484
942643
942789
942842
942963
943100
943172
943194
943317
943355
943356
943381
943431
943484
943539
943543
943574
943620
943735
943768
943894
944020
944048
944056
944709
944719
944962
945016
945131
945177
945482
945517
945574
945592
945617
945623
945628
945664
945665
945812
945826
945847
945951
945965
946337
946355
946656
946699
946782
946845
946966
947167
947207
947340
947365
947495
947498
947507
947708
948051
948160
948354
948356
948472
948476
948559
948656
948785
948942
949229
949294
949300
949344
949412
949454
949457
949476
949524
949548
949769
949939
950132
950137
950216
950284
950393
950550
950680
950694
950902
951077
951604
951805
951866
951983
952174
952301
952444
952545
952574
952683
952847
952916
952926
952942
952950
952978
953109
953132
953146
953404
953731
953845
954279
954416
954463
954532
954598
954738
954947
954982
954983
955069
955110
955129
955443
955556
955775
955787
955881
955987
956013
956020
956060
956073
956248
956507
956641
956705
956710
956867
956870
957087
957118
957175
957487
957549
957605
957922
957972
958064
958074
958385
958638
958685
958888
958924
958929
958952
958965
958979
958980
959089
959100
959180
959437
959695
959744
959773
959794
959811
959879
960000
960268
960458
960577
960654
960721
960997
961009
961303
961629
961683
961788
961942
961950
961986
962003
962023
962215
962424
962484
962596
962642
962683
962701
962923
963136
963158
963516
963643
963650
963695
963783
964006
964157
964276
964363
964508
964667
964678
965142
965501
965758
966077
966102
966242
966424
966429
966456
966529
966927
967154
967223
967292
967348
967403
967467
967588
967691
968028
968062
968092
968159
968194
968211
968225
968258
968430
968586
968606
968644
968706
968773
968798
968806
968862
968867
968954
968988
969044
969050
969401
969623
969635
969676
969686
970135
970158
970261
970333
970423
970432
970484
970579
970645
970668
971038
971202
971298
971322
971407
972231
972578
972596
972637
972747
972831
972868
972923
972969
972975
973151
973181
973216
973337
973436
973712
973726
973889
973919
973957
973999
974101
974159
974185
974200
974347
974645
974741
974841
974900
974950
974979
975038
975329
975442
975611
975632
975679
975738
975761
975771
975785
975796
975915
975962
976030
976102
976165
976244
976250
976689
976756
976759
976900
976925
977169
977189
977266
977419
977427
977451
977522
977841
977884
977937
977953
978161
978178
978273
978399
978445
978517
978859
978957
979009
979082
979148
979228
979238
979410
979703
979779
979785
979857
980014
980049
980114
980152
980170
980291
980485
980550
980600
980652
980768
981022
981133
981181
981264
981301
981313
981331
981356
981482
981571
981717
981772
981775
982258
982437
982533
982651
982662
982840
982912
982966
983002
983035
983181
983198
983216
983349
983368
983605
983703
983898
983933
983964
984017
984149
984165
984169
984186
984478
984519
984629
984726
984771
985192
985197
985235
985461
985687
985770
985790
985997
986023
986125
986153
986192
986193
986350
986372
986530
986730
986759
986768
986823
986869
986935
987001
987024
987116
987254
987472
987506
987686
987842
987916
988028
988207
988215
988310
988378
988379
988424
988561
988600
988657
988746
988857
988871
988913
989253
989319
989407
989644
989752
989756
989775
989885
990044
990211
990304
990392
990434
990477
990539
990677
990735
990970
991021
991138
991151
991156
991262
991343
991412
991470
991471
991510
991589
991710
991788
992315
992441
992629
992722
992751
993023
993078
993242
993374
993504
993705
993807
993867
993876
993882
993907
994040
994088
994376
994380
994478
994497
994511
994672
994822
994893
994929
995105
995294
995405
995432
995751
995953
995996
995998
996121
996128
996173
996239
996276
996307
996526
996560
996667
996895
997001
997028
997033
997053
997067
997133
997138
997184
997279
997300
997418
997834
997865
997876
997885
997896
997917
998111
998163
998237
998251
998290
998324
998328
998522
998563
998579
998639
998658
998697
998884
998927
998955
999077
999117
999232
999256
999325
999392
999637
999663
999775
999972
