4
12
55
159
235
301
359
421
551
638
699
790
856
864
867
1009
1015
1099
1100
1130
1182
1260
1353
1525
1646
1679
1699
1780
1782
1810
1892
2024
2375
2384
2540
2562
2636
2656
2733
2832
2893
2918
2975
3000
3024
3112
3506
3540
3938
3945
3977
4127
4179
4308
4320
4420
4575
4607
4778
4865
4949
5331
5433
5486
5551
5727
5887
6060
6106
6178
6190
6255
6458
6494
6528
6558
6579
6588
6620
6679
6682
6687
6734
6743
7004
7047
7071
7340
7353
7482
7534
7542
7775
7790
7825
7832
7862
7866
7981
8116
8170
8216
8238
8398
8451
8534
8537
8751
8755
8806
8808
9026
9061
9109
9437
9457
9734
9988
10153
10520
10583
10823
10869
11077
11237
11333
11434
11561
11730
11736
11828
11863
11944
12214
12239
12241
12283
12390
12407
12444
12529
12605
12610
12645
12691
12697
12816
12985
13021
13144
13176
13319
13346
13373
13380
13440
13675
13721
13745
13820
14075
14146
14173
14213
14295
14324
14330
14373
14448
14536
14613
14676
14762
14931
14972
14988
15042
15105
15135
15256
15276
15791
15992
16068
16082
16202
16278
16306
16307
16404
16490
16532
16541
16554
16587
16683
16709
16800
16827
16906
16911
17019
17051
17103
17260
17277
17353
17472
17475
17479
17511
17791
17917
18119
18169
18224
18432
18475
18500
18548
18611
18638
18661
18694
18887
18888
18976
19012
19130
19148
19392
19563
19631
19826
19884
19904
19955
20114
20181
20245
20318
20368
20758
20803
21002
21026
21063
21186
21274
21326
21345
21352
21376
21458
21544
21564
21569
21614
21696
21788
21868
21982
21985
22834
23038
23615
23654
23916
24060
24101
24187
24218
24453
24572
24653
24658
24676
24744
24914
24929
24948
25317
25328
25441
25506
25637
25726
25954
26062
26566
26715
26946
26970
27009
27244
27253
27269
27383
27892
27973
28188
28192
28242
28311
28316
28401
28453
28511
28532
28618
28780
29005
29458
29561
29681
29787
29790
29867
29888
29974
30014
30193
30201
30376
30541
30643
30671
30681
30966
31140
31227
31375
31383
31445
31585
31651
31657
31687
31754
31907
31949
32265
32432
32439
32509
32738
32982
33047
33149
33153
33328
33361
33436
33461
33536
33700
33716
33867
34115
34208
34336
34397
34409
34449
34576
34589
34716
34731
34821
34979
35077
35236
35350
35461
35843
35866
35889
35936
36239
36300
36342
36523
36645
36659
36692
36839
36962
37026
37466
37769
37804
37963
38274
38284
38298
38420
38469
38628
38645
38646
38756
38840
39302
39436
39522
39535
39624
39716
39717
39779
39800
39817
40014
40191
40192
40246
40331
40345
40359
40487
40490
40580
40829
40917
41085
41092
41102
41256
41383
41429
41610
41651
41784
41816
41855
42042
42154
42187
42294
42305
42346
42359
42456
42535
42565
42636
42642
43003
43060
43198
43342
43561
43687
43894
44019
44051
44451
44493
44569
44591
44744
44793
44805
44980
44993
45065
45216
45256
45278
45307
45410
45596
45658
45685
45791
45831
45874
46050
46095
46113
46216
46305
46408
46644
46737
46960
47170
47328
47360
47501
47505
47607
47833
47837
47850
47857
47886
47952
48050
48125
48227
48507
48584
49525
49661
49665
49819
49847
49853
50087
50170
50191
50328
50372
50379
50396
50435
50630
50684
50789
50932
51051
51192
51246
51351
51417
51432
51470
51486
51648
51993
52106
52318
52356
52456
52581
52722
52723
52770
52819
52902
53021
53085
53234
53294
53507
53665
53717
53734
53753
53756
54342
54391
54418
54659
54937
54979
55040
55106
55185
55267
55712
55864
56026
56040
56044
56086
56093
56164
56225
56277
56371
56452
56459
56477
56521
56523
56579
56669
56695
56724
56755
56930
56956
57134
57291
57297
57445
57544
57551
57646
57679
57722
57723
57743
57905
57973
58027
58039
58126
58175
58288
58356
58367
58470
58484
58567
58760
58808
58836
58981
59015
59029
59060
59086
59088
59190
59456
59499
59546
59632
59958
60128
60634
60731
60763
60820
60866
60974
61019
61162
61185
61294
61361
61560
61623
61785
61786
61816
61822
61825
61848
61946
62097
62122
62135
62213
62553
62618
62645
62659
62970
63135
63298
63411
63585
63817
63918
64037
64106
64344
64554
64738
64740
64755
64784
64842
64844
64921
64943
64997
65117
65262
65274
65287
65468
65529
65751
65842
66126
66295
66309
66367
66388
66522
66567
66639
66708
66972
66986
67124
67147
67161
67213
67231
67411
67630
67673
67746
67821
67827
67888
67975
68043
68192
68325
68382
68515
68585
68641
68649
68697
68730
68750
68761
68785
68912
68920
69213
69292
69409
69693
69700
69872
69984
70060
70103
70151
70224
70425
70437
70513
70667
70795
70905
70916
71157
71198
71371
71735
71818
72050
72071
72148
72167
72180
72364
72399
72433
72462
72529
72571
72612
73047
73058
73233
73499
73591
73597
73868
73912
73927
73998
74006
74058
74265
74334
74358
74388
74430
74431
74566
74604
74606
74610
74664
74763
75005
75017
75061
75150
75199
75354
75368
75398
75520
75554
75604
75607
75608
75687
75703
75773
75817
75881
75997
76012
76126
76130
76221
76249
76302
76368
76497
76521
76624
76697
76708
76787
76961
76968
77210
77323
77418
77475
77479
77514
77630
77671
77739
77954
78144
78245
78435
78463
78501
78551
78707
78714
78728
78789
78817
78836
78887
79177
79287
79309
79733
79751
79827
79997
80004
80109
80294
80360
80547
80647
80848
81069
81217
81249
81263
81271
81438
81471
81500
81641
81686
81710
81742
81763
81920
82018
82442
82645
82815
82925
82941
82970
83037
83073
83097
83116
83214
83237
83283
83290
83362
83376
83413
83472
83734
83859
83898
84092
84132
84173
84227
84279
84367
84455
84459
84565
84617
84689
84713
84821
85018
85027
85029
85166
85361
85564
85689
85764
85798
85956
86014
86584
86618
86727
86778
86861
86866
86956
87242
87273
87373
87382
87463
87619
87661
87665
87729
88137
88249
88668
88928
88990
89056
89115
89254
89326
89338
89369
89516
89541
89663
89725
89872
89885
89940
89979
89992
90011
90076
90207
90230
90238
90253
90275
90337
90547
90548
90559
90560
90713
90724
90738
90988
91195
91313
91641
91721
91772
92027
92194
92307
92576
92590
92762
92765
92776
92962
92990
92998
93064
93251
93397
93402
93407
93427
93586
93602
93662
93859
93882
93928
93972
94145
94296
94712
94863
94881
94903
95117
95129
95188
95299
95332
95366
95383
95410
95709
95721
95827
95916
95996
96035
96039
96095
96102
96112
96240
96261
96267
96402
96538
96595
96672
96748
96772
96897
96910
96933
97014
97075
97260
97324
97331
97342
97368
97831
97855
97878
97885
98101
98149
98164
98374
98396
98405
98411
98700
98776
99068
99236
99476
99626
99888
100229
100305
100307
100325
100571
100728
100937
101047
101067
101097
101140
101434
101492
101652
101721
101723
101830
101876
102011
102376
102485
102685
102729
102819
102828
102900
103309
103402
103448
103534
103595
103701
103708
103953
104016
104025
104125
104147
104408
104449
104585
104661
104791
104882
105033
105060
105078
105399
105407
105510
105699
105761
105891
105970
105989
106400
106422
106458
106489
106493
106887
106951
107014
107040
107068
107079
107085
107178
107181
107300
107331
107451
107838
107946
108030
108123
108153
108178
108187
108442
108445
108450
108472
108603
108625
108633
108673
108801
108936
109156
109171
109296
109314
109470
109473
109585
109611
109631
109632
109666
109701
109731
109865
109945
110260
110332
110402
110655
110725
110801
110808
111303
111693
111904
111969
112051
112122
112136
112142
112254
112390
112480
112561
112581
112633
112669
112851
112855
113136
113214
113233
113328
113360
113542
113581
113651
113678
113694
113890
113892
113980
113988
114009
114135
114315
114320
114387
114775
114808
114811
115051
115055
115066
115097
115112
115258
115389
115393
115517
115630
115690
115881
115928
116025
116147
116241
116386
116420
116478
116507
116660
116750
116812
116873
117181
117254
117291
117396
117420
117422
117468
117564
117630
118040
118061
118195
118490
118554
118622
118706
119009
119374
119503
119765
120012
120076
120104
120232
120234
120313
120382
120423
120500
120634
120655
120660
120771
120883
121023
121054
121136
121188
121477
121575
121669
121950
122107
122224
122244
122271
122385
122412
122495
122647
122831
122871
122902
122925
122954
122982
123039
123191
123366
123485
123704
123803
123851
123861
124624
124744
124842
124843
124864
124888
125113
125200
125312
125392
125512
125572
125583
125703
125759
125925
125931
126472
126629
126923
127050
127249
127327
127404
127761
127766
127785
127867
127886
127947
127965
128172
128416
128499
128554
128558
128565
128651
128863
128865
129058
129175
129287
129332
129385
129456
129474
129601
129761
129781
129951
130129
130149
130332
130443
130473
130645
130658
130745
130806
130848
130940
131033
131100
131168
131188
131197
131206
131290
131305
131580
131594
131694
131765
131834
132029
132332
132340
132438
132621
132697
132924
133018
133266
133438
133746
133848
134087
134235
134506
134549
134552
134599
134747
134858
134874
134888
134941
135060
135168
135258
135405
135427
135552
135568
135616
135637
135713
135831
135978
136089
136279
136453
136458
136645
136760
136803
136874
137107
137162
137212
137364
137678
137932
138075
138100
138200
138472
138576
138738
138869
138963
138999
139300
139414
139511
139667
139696
139723
139819
139828
139879
139885
139924
139939
139955
140184
140289
140310
140368
140560
140936
140989
141404
141558
141623
141690
141708
141779
142130
142133
142188
142282
142373
142394
142422
142457
142483
142575
142667
142840
142974
143033
143097
143301
143414
143484
143749
143802
143873
143901
143925
143979
144008
144057
144087
144166
144741
144748
144865
144919
145011
145186
145411
145434
145481
145511
145772
145864
146007
146025
146032
146093
146219
146341
146631
146687
146757
146804
146954
147031
147170
147243
147262
147306
147348
147353
147573
147671
147682
147738
147760
147785
147788
147851
147896
147976
148018
148068
148227
148403
148498
148552
148598
148604
148627
148832
148859
149053
149120
149202
149313
149390
149995
150180
150195
150415
150456
150525
150730
150809
150836
151188
151266
151310
151378
151387
151422
151631
151663
151821
151931
152046
152052
152133
152240
152287
152335
152337
152427
152688
153026
153059
153099
153252
153254
153373
153405
153603
153736
153873
154022
154162
154235
154316
154457
155008
155099
155155
155168
155408
155480
155496
155556
155781
155838
155864
155957
155966
155992
156126
156162
156182
156191
157017
157392
157945
158218
158241
158283
158349
158359
158462
158492
158619
158761
158777
158811
159059
159070
159231
159446
159646
159875
159949
160010
160039
160137
160153
160232
160239
160365
160378
160407
160414
160419
160699
160730
160737
160760
160872
160916
161183
161545
161712
161781
161822
161823
161836
161918
162255
162572
162708
162791
163085
163311
163366
163445
163494
163525
163607
164026
164162
164302
164313
164342
164423
164503
164518
164544
164633
164889
164925
164957
165187
165423
165431
165697
165764
165829
165858
165955
165976
165978
166075
166107
166336
166349
166384
166411
166507
166625
166689
166812
167105
167121
167248
167402
167441
167486
167521
167536
167573
167651
167695
167736
167776
167878
167964
168134
168379
168471
168480
168622
168743
169025
169181
169201
169202
169219
169241
169417
169443
169733
169820
169998
170011
170094
170104
170146
170148
170361
170699
170711
170887
170893
170987
171178
171200
171478
171855
171859
171938
172464
172494
172581
172593
172758
172802
172890
173047
173140
173206
173335
173354
173424
173425
173640
173657
173900
173940
173957
174111
174238
174287
174317
174548
174595
174635
174752
174796
174818
175208
175233
175521
175643
175674
175813
175943
176060
176214
176343
176400
176441
176552
176574
176666
176800
176873
176951
177082
177695
177727
178060
178073
178291
178395
178678
178710
178724
178730
178852
178930
178946
178976
179103
179247
179354
179490
179555
179785
179820
180056
180254
180257
180263
180346
180384
180431
180433
180503
180540
180667
180766
180840
180846
180996
181034
181139
181176
181248
181432
181452
181700
181757
181821
181887
181896
181999
182025
182026
182065
182186
182194
182230
182287
182601
182715
182760
182792
182799
182824
183018
183041
183113
183141
183339
183415
183667
183790
183818
184211
184266
184269
184305
184432
184494
184498
184501
184555
184670
184763
184776
184810
184901
184916
184950
185165
185216
185396
185702
185771
185786
185835
185870
185962
185995
186149
186428
186507
186512
186520
186556
186647
186693
186744
187088
187146
187191
187312
187356
187512
187570
187602
187713
187836
187923
188027
188188
188476
188843
188939
188969
189113
189198
189292
189459
189765
189809
189923
190353
190358
190497
190610
190658
190809
190813
190899
190933
190956
190980
191026
191278
191374
191488
191620
191754
191803
192075
192080
192083
192204
192260
192286
192330
192511
192512
192542
192755
192846
193195
193324
193392
193530
193578
193680
193692
193736
193832
193849
193971
194011
194301
194502
194516
194601
194643
194895
195047
195052
195109
195293
195301
195338
195621
195679
195683
195746
195929
196125
196730
196735
196813
196870
196892
196993
197001
197099
197227
197519
197716
197778
197882
198028
198054
198082
198345
198348
198483
198507
198601
198683
198702
198736
198817
198818
198829
198881
199531
199576
199583
199752
199775
199792
199954
200038
200044
200110
200116
200208
200231
200281
200329
200532
201052
201171
201225
201436
201653
201724
201745
201809
201825
201897
201900
202099
202164
202383
202419
202531
202555
202562
202614
202620
202676
202842
202969
203035
203110
203209
203264
203330
203333
203455
203462
203642
203807
203817
203857
203883
203900
204082
204142
204251
204264
204365
204470
204631
204635
204754
204802
204930
205026
205028
205107
205112
205169
205336
205374
205415
205549
205864
205916
206180
206437
206492
206579
206700
206736
206813
206932
207044
207061
207150
207186
207237
207271
207401
207442
207511
207555
207606
207706
207780
207829
207850
207852
207856
208310
208491
208552
208671
208700
208708
208880
208939
209195
209289
209339
209417
209554
209605
209844
210001
210041
210231
210250
210973
210987
211018
211088
211116
211197
211200
211328
211371
211535
211726
212123
212295
212336
212368
212378
212384
212489
212651
212707
212762
212861
212876
212968
213054
213082
213356
213534
213636
213742
213825
213837
213866
214013
214024
214043
214044
214092
214225
214280
214326
214428
214433
214562
214572
214603
214684
214758
214808
215228
215249
215257
215263
215345
215580
215875
216008
216011
216065
216121
216124
216228
216240
216458
216708
216828
217050
217071
217387
217490
217492
217495
217496
217576
217792
218174
218305
218573
218580
218682
218741
218807
218826
218846
218898
219001
219162
219240
219405
219407
219649
219668
219757
219791
219894
219912
220022
220178
221207
221230
221546
221801
221897
221900
221955
221983
222077
222176
222250
222296
222456
222670
222733
222780
222870
222925
223050
223051
223100
223168
223419
223449
223483
223687
223731
223766
223939
223979
224107
224112
224228
224275
224294
224306
224360
224390
224535
224614
224696
224748
224805
224845
224868
225102
225144
225163
225279
225387
225454
225640
225695
225875
225946
226052
226105
226150
226213
226226
226247
226261
226442
226583
226774
226878
227020
227261
227272
227288
227369
227640
227832
227869
227993
228111
228113
228163
228167
228205
228308
228522
228559
228845
228854
229302
229353
229393
229491
229602
229649
229910
230047
230104
230141
230317
230424
230458
230543
230556
230572
230724
230808
230935
231076
231154
231195
231239
231261
231450
231489
231536
231621
231716
231772
232029
232129
232219
232285
232346
232421
232434
232469
232471
232493
232519
232556
232591
232779
232844
233070
233083
233190
233212
233370
233391
233474
233684
234191
234208
234370
234467
234499
234648
234784
234823
234845
234884
234954
235232
235303
235312
235447
235544
235620
235764
235788
235841
235974
236058
236136
236315
236369
236370
236583
236646
236774
236779
236797
236919
236949
236952
237072
237079
237159
237181
237222
237240
237395
237484
237523
237798
237846
237875
237941
238360
238362
238372
238383
238772
238863
238884
239088
239153
239199
239208
239237
239252
239482
239631
239679
239782
239963
240001
240032
240183
240222
240368
240413
240587
240883
240902
240919
240948
240994
241273
241342
241458
241546
241592
241593
241612
241674
241696
241734
241763
241842
241854
241876
241904
241961
241994
242068
242074
242320
242375
242419
242554
242604
242860
242918
243077
243174
243367
243397
243483
243571
243653
243820
243845
244289
244485
244579
244657
244711
244716
244737
244807
244913
244970
245044
245147
245148
245163
245286
245418
245425
245440
245528
245713
245982
246090
246238
246253
246293
246339
246454
246938
246962
246987
247099
247294
247300
247418
247627
247730
247825
247857
247891
247907
247987
248097
248107
248108
248160
248217
248230
248288
248447
248558
248663
248700
248819
248859
248941
248943
248965
249073
249149
249168
249169
249236
249306
249308
249312
249594
249698
249700
249741
249945
250003
250066
250091
250253
250257
250258
250297
250347
250451
250619
250689
250912
251247
251328
251782
251872
251932
251949
252306
252376
252412
252511
252551
252715
253110
253112
253265
253393
253493
253673
253746
253776
253840
253842
253849
253904
253930
253957
253987
254117
254726
254746
255105
255179
255471
255640
256017
256108
256146
256180
256308
256356
256628
256743
256777
256795
256930
256942
257157
257163
257226
257227
257388
257581
257679
257727
257768
257918
257982
257993
257994
258127
258179
258432
258471
258516
258521
258605
258643
258740
258763
258824
258843
258944
259021
259039
259194
259247
259426
259498
259685
259734
259779
259885
259890
259894
259931
259990
260109
260231
260322
260433
260585
260704
260822
260827
260860
261098
261352
261470
261516
261528
261564
261615
261731
261747
261845
261857
261975
262031
262098
262392
262400
262516
262558
262845
262868
262899
263192
263212
263317
263428
263457
263486
263657
263723
263966
264193
264195
264231
264243
264248
264609
264850
264867
264900
264988
265132
265133
265182
265283
265293
265306
265382
265593
265682
265734
265875
266002
266385
266420
266491
266511
266570
266635
266647
266655
266692
266695
266904
266941
267103
267260
267453
267461
267565
267625
267728
267847
268373
268403
268439
268498
269044
269062
269086
269190
269227
269316
269322
269401
269471
269736
269748
269979
270124
270159
270172
270362
270388
270442
270812
271181
271222
271248
271279
271331
271390
271425
271461
271489
271707
271843
271869
271870
271917
272051
272086
272189
272216
272271
272275
272435
272489
272520
272590
272611
272715
272766
273090
273403
273497
273499
273632
273882
273925
274000
274051
274208
274223
274507
274870
275040
275055
275223
275411
275542
275586
275621
275637
275669
275728
275783
275856
275876
275897
275968
276019
276045
276094
276105
276120
276205
276365
276378
276550
276824
276870
276890
276979
277068
277095
277307
277566
277757
277969
278685
278843
278902
279015
279022
279052
279448
279458
279475
279579
279649
279689
279890
279909
280072
280132
280151
280179
280180
280338
280393
280411
280460
280505
280612
280673
281002
281007
281078
281094
281135
281208
281219
281390
281492
281615
281683
281860
281970
282153
282244
282375
282380
282440
282504
282561
282577
282689
282709
282938
283009
283097
283111
283226
283264
283352
283533
283554
283609
283700
283936
283998
284164
284373
284547
284649
284715
284728
284786
284815
284842
284859
285098
285102
285323
285455
285484
285610
285662
285775
285836
285849
285883
285978
286051
286115
286262
286300
286369
286375
286649
286672
286701
286715
286752
286818
286854
286885
286917
286919
286986
287020
287053
287095
287158
287374
287567
287578
287723
287990
288004
288096
288110
288204
288344
288455
288653
288835
288983
289010
289153
289234
289267
289566
289675
289686
289714
289715
289719
289957
289983
290016
290222
290226
290261
290459
290563
290578
290692
290958
291133
291144
291233
291353
291476
291639
291641
291718
291912
291948
291954
291956
292062
292460
292497
292515
292659
292860
293244
293511
293725
293835
293959
294173
294209
294213
294264
294358
294362
294544
294683
294688
294796
294810
294902
295121
295189
295255
295371
295609
295630
295784
295818
295862
296024
296070
296135
296146
296314
296459
296539
296657
296690
296712
296798
296862
296877
296888
296892
297187
297535
297864
297963
297992
298183
298250
298251
298275
298335
298340
298361
298553
298556
298681
298691
298731
298814
298829
298830
298837
298910
299052
299188
299218
299387
299677
299679
299801
299916
300210
300258
300284
300427
300441
300497
300529
300550
300568
300588
300678
300711
300715
300748
300838
300972
301064
301110
301157
301658
301798
301871
301935
302063
302135
302167
302326
302708
302951
303003
303132
303189
303436
303729
304112
304116
304175
304287
304743
304960
304971
305120
305174
305272
305355
305706
305760
305782
306009
306041
306095
306446
306923
306987
306993
307047
307066
307119
307135
307237
307243
307315
307319
307333
307418
307470
307886
307925
308209
308311
308510
308543
308657
308688
308731
308817
309007
309125
309142
309350
309393
309502
309657
310005
310116
310127
310131
310328
310394
310602
310737
310773
310795
310844
311130
311405
311496
311537
311571
311781
311792
312332
312372
312386
312387
312420
312604
312773
312837
312866
312918
312970
313496
313525
313832
313968
314150
314160
314221
314277
314330
314355
314467
314551
314684
314726
314748
314973
314986
315118
315170
315271
315298
315314
315454
315547
315607
315668
315803
315880
315889
316020
316469
316483
316553
316578
316582
316877
316911
316935
317148
317184
317445
317615
317630
317637
317642
317662
317953
318003
318048
318061
318088
318165
318629
318671
318686
318806
318827
318876
318992
319356
319357
319367
319594
319622
319649
319677
319841
319884
319961
319981
320103
320226
320304
320329
320427
320451
320746
320822
320921
321143
321282
321452
321696
321738
321786
321867
321892
322040
322166
322390
322498
322643
322757
322771
322817
322865
322921
322961
323270
323320
323572
323673
323741
323950
323964
324121
324130
324384
324468
324741
324852
324971
325080
325162
325195
325398
325423
325518
325528
325536
325721
326191
326208
326251
326393
326486
326554
326663
326700
326878
326978
327120
327236
327268
327319
327367
327368
327609
327712
327888
327925
327947
328372
328549
328731
328833
328896
329099
329196
329302
329430
329436
329468
329567
329624
329660
329759
329866
329980
330065
330128
330159
330192
330362
330520
330725
330760
330839
330922
331003
331130
331212
331401
331492
331509
331567
331615
331659
331665
331769
331775
331780
331881
331912
331950
332104
332162
332224
332348
332510
332581
332596
332615
332618
332666
333005
333098
333100
333155
333223
333260
333284
333322
333342
333504
333582
333607
333709
333800
333887
334321
334413
334420
334533
334622
334641
334653
334906
335032
335200
335265
335349
335358
335431
335434
335627
335688
335728
335873
335874
335897
336131
336264
336357
336406
336493
336509
336565
336831
336850
336936
336954
336973
337007
337074
337117
337163
337429
337466
337644
337653
337692
337720
337763
337946
338100
338148
338293
338394
338535
338646
338858
338872
338958
339000
339090
339213
339297
339338
339681
339859
339928
339997
340155
340165
340170
340289
340439
340601
340817
340842
340903
340912
340984
340999
341277
341318
341651
341664
341738
341755
342006
342188
342236
342341
342426
342552
342635
342805
342912
343002
343022
343026
343323
343450
343528
343537
343552
343716
343896
343941
343957
344059
344210
344331
344386
344475
344578
344629
344935
345242
345476
345509
345510
345706
345781
345792
345839
345845
345862
345914
346090
346206
346339
346492
346502
346653
346784
346796
346879
346894
347064
347118
347293
347312
347479
347560
347646
347768
348192
348313
348614
349002
349100
349273
349312
349338
349426
349460
349493
349665
349716
349729
349784
349820
349853
349895
349998
350051
350078
350085
350170
350178
350218
350335
350495
350526
350825
350998
351121
351159
351222
351451
351590
351694
351774
351954
352101
352190
352241
352316
352364
352685
352894
352916
352972
352984
353055
353196
353300
353456
353492
353520
353527
353596
353873
353881
353894
353973
354189
354216
354267
354361
354404
354704
355007
355030
355134
355193
355200
355317
355322
355467
355680
356136
356217
356218
356253
356419
356420
356452
356519
356523
356561
356628
357515
357649
357847
357901
358051
358145
358272
358342
358470
358540
358550
358626
358665
358734
358795
358913
358917
358944
358957
358971
359043
359052
359132
359223
359273
359277
359622
359688
359710
359712
359721
359842
359945
360020
360042
360151
360337
360481
360618
360629
360698
360823
360923
361169
361529
361776
362020
362051
362127
362304
362355
362378
362458
362464
362536
362641
362684
362752
362855
363188
363190
363191
363247
363290
363304
363852
363911
363925
364068
364285
364402
364426
364486
364548
364704
364756
364763
364845
364971
365023
365209
365248
365284
365540
365880
365918
365956
366003
366026
366266
366551
366601
366689
366743
366790
366843
366871
366945
367031
367132
367135
367161
367175
367213
367369
367584
367593
367676
367677
367750
367949
367954
368007
368118
368278
368283
368314
368595
368748
368756
368760
368797
368936
368969
369059
369063
369147
369158
369253
369274
369306
369329
369412
369495
369508
369604
369609
369722
369828
370055
370076
370078
370200
370263
370337
370410
370447
370505
370690
371021
371223
371267
371329
371384
371563
371613
371879
372081
372228
372252
372281
372317
372410
372486
372563
372684
372724
372826
373072
373202
373389
373463
373640
373673
373810
373816
373831
373966
373975
374105
374164
374225
374283
374335
374410
374422
374498
374528
374611
374757
374820
374909
374947
375030
375213
375233
375281
375293
375546
375665
375681
375684
375699
376115
376137
376159
376374
376465
376558
376576
376589
376619
376654
376731
376768
376961
376965
376993
377135
377182
377266
377298
377511
377514
377548
377609
377648
377738
377758
377778
377800
377916
377932
377936
378209
378296
378324
378366
378432
378463
378679
378771
378890
378941
379108
379174
379303
379477
379499
379512
379552
379659
379679
379806
379889
380072
380126
380156
380239
380280
380690
380833
380941
380947
380968
381000
381011
381107
381139
381167
381288
381293
381612
381661
381758
381808
381895
382136
382252
382334
382461
382506
382527
382615
382622
382760
382904
382966
383064
383144
383177
383490
383612
383632
383860
383907
384017
384086
384515
384636
384640
384750
384905
384951
385265
385288
385297
385350
385373
385375
385416
385537
385538
385569
385719
385723
385746
385897
385969
385985
386175
386204
386271
386343
386398
386543
386590
386639
386718
386782
387058
387149
387242
387264
387283
387315
387444
387637
387705
387829
387910
387941
387963
388196
388297
388381
388478
388552
388633
388680
388698
388715
388749
388770
388776
388827
388843
388861
388906
389071
389167
389345
389443
389706
389783
389825
389985
390148
390279
390558
390737
390756
390808
390975
390986
391122
391365
391383
391591
391682
391774
391857
391977
391999
392020
392038
392100
392106
392107
392145
392207
392211
392449
392540
392543
392577
392659
392687
392717
392774
392955
392990
393033
393077
393096
393101
393161
393227
393241
393364
393430
393448
393563
393712
393837
393952
394015
394097
394360
394378
394425
394555
394617
394663
394716
394757
394850
394937
395044
395114
395185
395300
395356
395460
395478
395547
395556
395754
395778
395834
396093
396166
396252
396482
396565
396595
396668
396818
396857
396865
397273
397321
397412
397517
397667
397784
397898
397961
398117
398130
398173
398232
398369
398464
398620
398758
399116
399209
399411
399535
399649
399876
400030
400056
400123
400246
400277
400316
400348
400691
400694
400695
400720
400773
400831
400865
401020
401092
401202
401279
401516
401761
402324
402429
402442
402570
402725
402801
403000
403097
403223
403281
403377
403446
403556
403675
403855
403872
404096
404113
404213
404329
404363
404440
404457
404646
404658
404719
404873
404946
405111
405180
405183
405229
405304
405370
405473
405530
405711
405749
405826
405840
406112
406138
406149
406177
406223
406411
406548
406892
407162
407192
407217
407285
407288
407603
407668
407735
408006
408018
408027
408174
408417
408685
409022
409156
409270
409340
409397
409456
409468
409532
409725
409729
409802
409922
409929
409952
410036
410128
410238
410342
410793
410877
411190
411214
411226
411443
411941
411971
411999
412273
412334
412407
412432
412462
413054
413118
413164
413177
413446
413452
413573
413668
413779
413937
413949
414079
414172
414217
414274
414444
414468
414519
414645
414701
414736
414773
414868
414894
415244
415650
416078
416160
416220
416225
416458
416516
416544
416704
416756
416759
417153
417503
417525
417672
417685
417752
417800
417873
418036
418055
418102
418112
418122
418230
418335
418477
418540
418670
418682
418811
418906
419185
419206
419316
419317
419342
419363
419486
419526
419560
419698
419753
419807
420037
420238
420252
420488
420560
420607
420740
420764
421083
421255
421323
421415
421449
421452
421453
421553
421576
421742
421756
421810
421827
421842
422331
422368
422623
422781
422943
423051
423099
423140
423290
423318
423321
423324
423344
423421
423436
423483
423619
423629
423722
423886
423910
423972
423983
424141
424235
424313
424400
424577
424696
424864
424885
425043
425051
425122
425217
425235
425259
425340
425352
425479
425556
426012
426030
426060
426079
426090
426288
426476
426622
426733
426805
426824
426828
426997
427112
427121
427141
427155
427211
427284
427415
427523
427552
427569
427571
427604
427693
427728
427871
427900
427905
427943
428010
428070
428075
428183
428255
428480
428527
428663
428699
429110
429236
429647
429843
430155
430158
430348
430411
430521
430526
430551
430573
430744
430854
430890
431125
431366
431404
431523
431760
431871
432343
432449
432495
432730
432770
432846
433017
433146
433198
433200
433436
433464
433469
433571
433576
433612
433653
433727
433746
433912
434503
434665
434706
434785
434809
434817
434951
434965
435045
435192
435277
435331
435547
435604
435619
435684
435692
435908
435918
435928
435949
435977
436055
436266
436313
436480
436524
436536
436597
436707
436898
437136
437232
437452
437471
437497
437540
437546
437584
437594
437708
437808
437897
437967
438442
438572
438667
438774
438835
438839
438871
438963
439150
439173
439214
439254
439672
439675
439697
440183
440208
440262
440351
440609
440700
440745
440935
441096
441162
441346
441401
441442
441465
441521
441592
442066
442120
442147
442266
442334
442409
442492
442507
442626
442759
443116
443159
443325
443364
443542
443605
444028
444050
444085
444119
444172
444294
444502
444870
444899
444912
444994
445106
445207
445276
445497
445573
445670
445874
446018
446149
446152
446265
446284
446463
446493
446663
446671
446781
446806
446811
447129
447208
447258
447273
447415
447463
447928
448173
448264
448392
448440
448670
448782
449066
449325
449580
449607
449927
450044
450049
450183
450191
450289
450768
450772
450773
450818
450852
450875
451038
451103
451151
451197
451212
451277
451329
451347
451476
451482
451590
451591
452018
452219
452226
452338
452551
452665
452735
452842
453044
453102
453190
453410
453463
453839
453884
454091
454450
454451
454488
454491
454718
454758
454841
454968
454998
455278
455396
455519
455626
455788
455829
455963
455992
456036
456060
456094
456121
456162
456231
456255
456345
456424
456590
456705
456746
456818
456837
456988
457109
457138
457189
457243
457541
457542
457639
457715
457722
457793
457830
457839
457927
458065
458163
458273
458360
458626
458798
458842
459130
459141
459247
459427
459537
459745
459758
459775
459880
459883
460082
460375
460461
460481
460806
460844
460956
460968
461169
461210
461212
461292
461471
461698
461713
461719
461721
461902
461936
462057
462061
462070
462220
462355
462448
462464
462528
462641
462723
462889
463046
463203
463281
463300
463331
463457
463500
463542
463579
463603
463774
463859
464091
464095
464156
464181
464320
464339
464362
464546
464854
465294
465342
465374
465460
465475
465601
465642
465711
465822
465908
466056
466066
466098
466169
466283
466308
466695
466759
466875
466947
466963
467436
467476
467487
467571
467578
467601
467769
467923
468237
468407
468483
468560
468590
468655
468915
468941
469136
469271
469305
469474
469760
469763
469777
469989
470044
470144
470171
470476
470478
470572
470633
470869
470990
471001
471057
471162
471217
471278
471322
471364
471411
471464
471470
471603
471640
471689
471701
471881
471901
471926
471979
472222
472255
472441
472446
472498
472610
472654
472783
473119
473130
473640
473654
473748
473850
473961
473997
474242
474354
474395
474469
474529
474532
474549
474623
474777
474820
474844
475008
475294
475448
475471
475522
475617
475701
475802
475826
475884
475913
476009
476102
476156
476336
476366
476399
476423
476424
476455
476667
476673
476772
476851
476911
476933
477054
477199
477290
477308
477524
477806
477809
477869
477877
478082
478114
478343
478344
478660
478691
478722
478733
478774
478785
478802
479132
479264
479353
479375
479439
479589
479628
479668
479789
479805
479838
479957
480327
480570
480706
480846
480886
480980
481043
481091
481178
481526
481545
481692
481729
481800
481930
481937
481986
482025
482171
482191
482286
482346
482445
482452
482531
482617
482700
482842
483030
483080
483093
483450
483551
483587
483685
483762
483824
483899
484022
484133
484209
484273
484365
484404
484630
484825
484829
484895
485023
485050
485065
485078
485125
485419
485475
485482
485918
486045
486185
486280
486415
486511
486561
486676
486732
486826
486905
486998
487000
487007
487102
487279
487317
487578
487617
487650
487695
487818
487843
487883
488005
488021
488062
488147
488164
488199
488313
488405
488459
488631
488658
488688
488847
488871
488988
488997
489048
489076
489099
489279
489618
489623
490055
490248
490337
490550
490650
490715
490865
491001
491043
491070
491224
491434
491472
491671
491716
491831
491889
491977
492072
492382
492494
492562
492578
492791
492795
492971
493046
493111
493170
493378
493469
493573
493657
493765
494013
494049
494092
494233
494343
494372
494427
494469
494515
494638
494808
494996
495000
495114
495115
495276
495313
495581
495595
495755
495905
496294
496362
496555
496612
496619
496628
496654
496732
496823
497146
497177
497205
497238
497265
497487
497690
497706
497794
497851
497885
497988
498140
498191
498284
498455
498490
498666
498713
498748
498969
499446
499654
499657
499755
499812
499968
499973
500041
500087
500111
500264
500265
500426
500445
500468
500615
500713
500807
500866
500917
501189
501233
501234
501343
501430
501441
501544
501567
501666
501771
501976
502216
502480
502810
502855
502934
502950
503046
503086
503245
503446
503559
503725
503936
504132
504170
504338
504461
504587
504623
504650
504731
504822
505018
505148
505178
505554
505647
505663
505744
506366
506603
506992
507873
508045
508115
508141
508176
508211
508220
508459
508488
508548
508623
508651
508663
508675
508716
508870
509214
509560
509690
510108
510194
510383
510440
510513
510640
510809
510943
511114
511168
511270
511399
511458
511555
511558
511601
511630
511674
511770
511899
511963
511997
512086
512089
512211
512260
512323
512453
512533
512658
512762
512825
512871
512900
513174
513353
513393
513482
513577
513689
513861
513921
513941
514306
514324
514335
514358
514490
514535
514591
514595
514597
514600
514604
514638
514687
514891
514967
515149
515265
515365
515460
515656
515707
515769
515983
516033
516063
516121
516227
516279
516415
516638
516645
516650
516799
516983
517112
517473
517584
517592
517704
517784
517855
517872
517902
518047
518102
518300
518405
518452
518502
518682
518980
519071
519277
519282
519342
519381
519436
519439
519459
519612
520021
520113
520126
520134
520135
520245
520310
520389
520399
520445
520471
520602
520696
521066
521110
521235
521252
521402
521404
521756
521918
522059
522131
522295
522342
522359
522801
522833
522857
522963
522978
523310
523387
523451
523670
523749
523791
523893
523937
523961
524065
524182
524288
524347
524381
524506
524716
524819
524834
524904
524984
524990
525090
525117
525216
525237
525255
525374
525429
525591
525626
526003
526011
526071
526357
526360
526476
526477
526570
526801
526966
527063
527106
527372
527404
527433
527816
527842
527910
527946
528002
528100
528199
528354
528379
528552
528611
528758
529013
529050
529331
529407
529637
529672
529682
529714
529730
529786
529845
529944
529965
529994
530085
530239
530252
530447
530591
530628
530654
530680
530757
531101
531274
531353
531364
531409
531508
531568
531673
531753
531785
531811
531914
531934
531983
531992
532059
532120
532196
532201
532312
532363
532368
532399
532533
532746
532882
532988
533045
533102
533222
533242
533495
533584
533690
533702
533741
533780
533810
533934
533967
534066
534327
534632
534747
534763
534887
534901
534904
535047
535285
535300
535440
535496
535545
535561
535791
536007
536024
536072
536087
536103
536131
536160
536240
536464
536476
536550
537095
537178
537186
537304
537349
537408
537424
537556
537724
537752
537801
537881
537996
538045
538070
538156
538187
538231
538493
538511
538550
538585
538597
538608
538609
538695
538973
539078
539103
539423
539591
539707
539770
539801
539857
539905
540004
540020
540094
540239
540295
540310
540396
540569
540929
540998
541061
541305
541444
541476
541510
541530
541551
541590
541619
541696
541780
541929
542025
542144
542216
542250
542407
542408
542454
542581
542621
542643
542663
542887
542917
542921
543093
543256
543299
543389
543456
543604
543613
543770
543998
544109
544185
544273
544341
544345
544460
544464
544487
544871
544942
544994
545034
545262
545344
545387
545393
545412
545443
545451
545591
545680
545754
545820
545895
545918
546146
546365
546425
546444
547065
547110
547238
547273
547284
547469
547630
547734
547902
547985
547996
548051
548153
548158
548173
548196
548264
548349
548354
548412
548574
548604
548665
548673
548843
548900
548923
549184
549488
549504
549604
549617
549756
549770
549803
549986
550000
550098
550131
550225
550238
550469
550504
550505
550759
550803
551067
551077
551092
551124
551215
551334
551335
551523
551526
551583
551721
551812
551877
551929
551940
551984
552082
552138
552171
552260
552302
552396
552528
552568
552601
553127
553317
553378
553401
553467
553607
553679
553731
553740
553797
553865
553953
554000
554028
554283
554410
554465
554641
554770
554811
554849
554953
555149
555176
555498
555511
555618
555786
555896
556024
556154
556223
556328
556548
556576
556643
556644
556653
556843
557043
557054
557064
557091
557110
557310
557375
557477
557625
557668
557677
557814
558267
558453
558465
558648
558807
558827
558846
559026
559232
559236
559408
559619
559751
559773
559835
559924
559950
560070
560277
560596
560627
560903
560961
561029
561133
561154
561217
561233
561266
561374
561404
561899
561964
562017
562025
562067
562184
562243
562409
562413
562644
562792
562874
563106
563170
563188
563377
563416
563486
563627
563639
563668
563852
563877
564013
564050
564242
564272
564367
564492
564510
564652
564690
564728
564806
565070
565210
565248
565292
565349
565388
565558
565634
565659
565726
565798
565829
565976
565996
566071
566144
566205
566206
566408
566423
566443
566720
566805
566932
566967
567264
567535
567577
567614
567681
568072
568115
568180
568339
568391
568476
568736
568775
568824
568901
568908
569134
569414
569557
569680
569758
569875
570054
570122
570276
570334
570507
570550
570574
570622
570635
570642
570675
571004
571018
571154
571171
571274
571275
571338
571377
571854
571877
571897
572017
572020
572094
572163
572420
572466
572685
572986
573233
573276
573330
573350
573470
573476
573596
573709
573810
573882
574123
574210
574322
574366
574662
574705
574834
574856
574880
574940
575030
575043
575061
575063
575076
575124
575182
575351
575582
575879
576086
576136
576178
576456
576464
576504
576651
576696
576699
576791
576792
576835
576915
577091
577196
577200
577253
577303
577341
577384
577420
577500
577538
577583
577585
577747
577748
577804
578009
578046
578091
578117
578137
578188
578213
578241
578438
578578
578652
578815
578842
579214
579270
579297
579346
579348
579453
579459
579837
580030
580069
580143
580178
580412
580452
580683
580722
580778
581021
581041
581063
581144
581153
581365
581443
581549
581610
581626
581646
581667
581826
581955
582052
582182
582258
582361
582508
582525
582698
583102
583668
583671
583674
583676
583694
583737
583764
583954
584020
584028
584034
584139
584143
584149
584306
584469
584529
584841
584911
584918
584936
584942
585045
585053
585255
585327
585412
585465
585470
585474
585602
585754
585805
585849
585873
586040
586262
586295
586524
586554
586599
586632
586695
586738
586742
587001
587095
587146
587221
587416
587417
587601
587604
587648
587688
587810
587826
587878
587970
588084
588324
588479
588576
588580
588739
588749
588801
588864
588898
588973
589088
589256
589328
589393
589714
589871
589928
590232
590418
590433
590530
590756
590838
590895
591043
591075
591150
591350
591354
591359
591533
591535
591699
591709
591906
591910
591926
591969
591983
592075
592238
592239
592427
592550
592634
592685
592709
592722
592862
593079
593081
593142
593380
593410
593437
593504
593757
593906
594059
594085
594154
594310
594356
594516
594565
594585
594603
594862
595173
595272
595570
595598
595844
595851
596038
596161
596310
596327
596560
596585
596796
596802
596886
596914
596947
597057
597152
597156
597231
597263
597398
597451
597476
597609
597678
597699
597702
597747
597864
598043
598092
598208
598346
598458
598737
598750
599050
599052
599058
599282
599357
599410
599456
599543
599556
599609
599678
600038
600144
600185
600369
600395
600485
600599
600679
600714
600789
600830
600832
600911
600985
601014
601058
601066
601099
601430
601449
601680
601844
601968
602114
602245
602336
602480
602560
602633
602666
602708
602847
603084
603247
603292
603329
603333
603356
603387
603442
603580
603595
603597
603603
603617
603625
603669
603681
603933
604073
604428
604558
604595
604598
604679
604739
604815
604955
604996
605054
605150
605274
605281
605500
605636
605750
605857
605958
606010
606111
606369
606500
606535
606585
606804
606912
606933
606997
607038
607072
607116
607117
607136
607230
607253
607304
607393
607409
607517
607627
607689
607833
607927
608071
608268
608302
608426
608585
608624
608945
608984
609054
609372
609400
609482
609623
609694
609743
609839
609941
610054
610150
610196
610217
610409
610425
610460
610470
610945
611032
611071
611254
611438
611635
611658
611771
611854
611923
612036
612138
612862
613027
613076
613114
613260
613403
613502
613591
613760
613923
613982
614064
614200
614216
614301
614351
614365
614514
614607
614777
614795
615040
615068
615122
615324
615920
616036
616210
616537
616907
616915
616972
616975
616988
617060
617282
617296
617364
617479
617528
617572
617600
617609
617764
617883
617932
617978
618181
618295
618474
618785
619081
619134
619142
619215
619226
619296
619412
619604
619627
619635
619701
619746
619874
620154
620263
620455
620541
620650
620964
621013
621064
621306
621407
621490
621833
621941
621954
622112
622178
622223
622270
622276
622336
622387
622535
622747
622784
623071
623129
623161
623188
623472
623572
623587
623597
623661
623761
623777
623786
623908
624019
624083
624084
624143
624308
624363
624418
624492
624504
624603
625023
625092
625142
625182
625238
625243
625474
625529
625606
625833
625981
626074
626128
626190
626441
626495
626744
626923
627068
627079
627157
627245
627264
627708
627797
627824
627854
627870
628049
628079
628108
628214
628309
628342
628392
628500
628767
628778
628828
628956
629040
629074
629474
629506
629598
630124
630305
630308
630338
630424
630436
630447
630495
630546
630572
630646
630697
630837
630885
630973
631134
631264
631366
631694
631702
631953
632083
632608
632895
633083
633141
633166
633408
633491
633676
633730
633745
633868
633928
633946
634056
634113
634155
634218
634227
634304
634345
634361
634405
634466
634499
634520
634552
634589
634611
634666
634707
634973
635814
635844
636407
636705
636777
636868
637045
637125
637442
637478
637538
637818
637851
637896
637901
638124
638202
638422
638613
638871
638938
638941
638963
639086
639178
639230
639346
639514
639756
639889
640148
640198
640418
640515
640904
640945
640946
640983
641104
641116
641175
641200
641466
641512
641539
641612
642026
642063
642068
642145
642221
642323
642372
642468
642504
642889
643122
643180
643195
643243
643247
643294
643373
643406
643441
643622
643652
643669
643871
643915
644122
644141
644247
644307
644329
644492
644515
644712
645173
645214
645217
645228
645260
645271
645550
645677
645716
645717
645719
645738
645997
646061
646102
646114
646127
646287
646303
646434
646561
646594
646800
646833
646837
646964
646968
646980
647024
647197
647201
647302
647392
647488
647539
647653
647815
647987
648054
648335
648374
648397
648450
648475
648481
648710
648991
649001
649013
649023
649066
649139
649233
649316
649926
649976
650001
650070
650075
650117
650143
650297
650605
650776
651027
651139
651341
651427
651469
651698
651737
651802
651989
652000
652004
652019
652050
652324
652543
652605
652891
652962
653035
653157
653170
653183
653254
653381
653384
653569
653648
653911
653939
654135
654232
654263
654432
654767
654835
654892
654937
655037
655104
655190
655222
655709
655718
655752
655907
655916
656001
656011
656013
656088
656418
656463
656515
656522
656530
656547
656561
656664
656818
657060
657072
657081
657168
657305
657331
657450
657595
657693
657700
657764
657778
657815
657819
657928
658008
658041
658228
658436
658509
658882
658883
658924
659124
659180
659278
659370
659423
659502
660012
660040
660122
660138
660139
660193
660208
660216
660296
660498
660624
660625
660758
660834
661102
661120
661173
661583
661626
661651
661709
661726
661736
662134
662225
662462
662470
662575
662656
662762
663004
663039
663089
663129
663233
663252
663486
663536
663695
663721
663878
663884
663943
663973
664094
664130
664155
664196
664204
664301
664518
664612
664618
664637
664640
664719
664734
664861
664898
664918
664954
665140
665143
665282
665348
665619
665637
665638
665647
665668
665687
665829
665884
665913
666089
666393
666403
666502
666544
666605
666614
666653
667032
667086
667148
667280
667371
667411
667423
667430
667541
667551
667827
667959
667995
668033
668285
668298
668403
668468
668704
668764
668773
668831
668884
669055
669103
669168
669193
669260
669316
669329
669367
669452
669628
669815
669830
670293
670319
670479
670714
670951
671166
671167
671186
671363
671404
671537
671559
671574
671584
671654
671661
672042
672047
672060
672068
672105
672136
672156
672981
673112
673272
673296
673444
673459
673473
673525
673774
673880
673907
674041
674232
674410
674450
674721
674771
674797
674843
674845
674894
674924
674934
674981
675024
675422
675482
675534
675886
675902
675923
675927
675948
676006
676014
676159
676213
676339
676367
676482
676483
676503
676508
676519
676591
676669
676685
676791
676909
676935
677047
677151
677311
677351
677370
677442
677558
677638
677696
677712
677793
677843
677848
677932
678101
678146
678264
678444
679006
679058
679091
679126
679220
679230
679232
679265
679275
679319
679491
679578
679881
679974
680206
680210
680243
680291
680315
680474
680555
680639
680731
680753
680848
680911
680914
681032
681062
681224
681276
681378
681426
681515
681556
681565
681626
681627
681657
681822
682008
682062
682113
682216
682490
682603
682647
682704
682914
682919
682944
682999
683151
683185
683227
683233
683258
683420
683508
683654
684019
684025
684107
684300
684316
684563
684682
684929
684950
685047
685102
685288
685391
685594
685674
685854
685932
686024
686056
686137
686224
686282
686720
686856
686861
687017
687029
687058
687121
687150
687201
687214
687259
687276
687319
687348
687457
687573
687918
687956
688168
688257
688354
688362
688480
688498
688541
688551
688611
688644
688658
688662
688824
689022
689087
689668
689694
689789
689851
690394
690419
690480
690871
691018
691252
691281
691398
691465
691485
691576
691586
691649
691686
691784
691833
691961
691976
692269
692493
692524
692604
692615
693028
693050
693253
693305
693467
693594
693660
693747
693943
694033
694054
694084
694090
694331
694398
694526
694644
694659
694661
694736
694799
694929
694999
695125
695333
695384
695586
695820
695912
696045
696049
696098
696177
696216
696456
696609
696688
696714
696722
696727
696729
696892
696927
697073
697085
697118
697129
697140
697254
697609
697773
697776
697826
697963
698063
698108
698257
698663
698710
698711
698713
698845
698948
699015
699173
699237
699286
699308
699388
699502
699545
699548
699650
699675
699793
699829
699861
700016
700035
700098
700122
700283
700339
700404
700421
700431
700547
700638
700682
700855
700867
700945
700979
700993
701185
701245
701329
701344
701350
701354
701507
701588
701740
701782
701810
701887
702065
702086
702142
702281
702340
702396
702422
702429
702467
702575
702803
702807
702828
702995
703115
703317
703339
703356
703395
703401
703533
703538
703640
703661
703905
703995
704139
704152
704338
704417
704469
704773
704786
704789
704849
704922
705245
705303
705386
705397
705508
705530
705692
705833
705872
705935
706004
706216
706242
706316
706345
706361
706407
706523
706580
706719
707375
707418
707453
707575
707598
707765
707890
707916
708090
708102
708201
708208
708360
708561
708651
708917
708945
708974
709051
709058
709098
709565
709606
710002
710128
710467
710655
710835
710874
710906
711014
711059
711082
711252
711463
711479
711498
711502
711647
711831
711845
711962
712008
712071
712092
712186
712198
712229
712301
712304
712319
712419
712437
712517
712523
712527
712583
712707
712865
713261
713479
713561
713816
713838
713843
714009
714199
714278
714448
714733
714774
714851
714930
714971
715086
715179
715224
715460
715573
715596
715624
715654
715656
715697
715860
716251
716493
716496
716499
716547
716728
716743
716800
716801
716817
716918
717049
717095
717108
717161
717213
717253
717275
717285
717292
717325
717351
717435
717529
717700
717715
717776
718167
718196
718411
718688
718714
718769
718808
718945
718972
719132
719154
719358
719603
719695
719843
720241
720302
720327
720344
720471
720627
720754
720773
720841
721197
721255
721273
721548
721553
721634
721655
721688
721788
721840
721947
722033
722342
722398
722543
722602
722696
722737
722757
723363
723481
723567
723617
723638
723765
723847
723848
723892
724453
724511
724543
724620
724621
724730
724767
724924
724933
724961
725057
725207
725451
725705
725740
725777
725817
725838
725855
726052
726082
726164
726181
726374
726378
726441
726542
726671
726740
726853
726909
727208
727508
727559
727597
727616
727706
728082
728123
728154
728229
728313
728362
728368
728385
728506
728522
728533
728593
728641
728764
728809
728878
728934
728955
729025
729184
729388
729634
729682
729733
729888
729931
730017
730342
730464
730481
730491
730621
730728
730920
730945
730972
730987
731238
731291
731306
731322
731370
731448
731537
731577
731644
732661
732669
732723
732793
732833
733017
733374
733568
733771
733934
734065
734079
734159
734223
734461
734785
734878
734887
734916
735191
735193
735281
735325
735584
735724
735802
735914
735963
736076
736226
736533
736639
736738
736838
737040
737046
737053
737140
737183
737194
737322
737337
737397
737668
737726
738152
738367
738388
738458
738547
738706
738744
738831
738895
738958
738985
739020
739023
739243
739404
739426
739461
739484
739509
739570
739614
739856
739971
740118
740391
740519
740550
740560
740856
740944
741084
741094
741133
741136
741207
741329
741496
741626
741649
741685
741818
741893
742015
742114
742272
742285
742326
742351
742498
742530
742763
742801
742851
742915
743189
743193
743364
743874
744332
744455
744486
744492
744510
744555
744591
744673
744731
744779
744824
745189
745190
745373
745547
745599
745670
745693
745719
745797
745818
746049
746304
746354
746654
746893
746935
746937
747020
747027
747068
747155
747479
747505
747628
747739
747742
747770
747850
747920
747986
748024
748104
748156
748283
748301
748302
748481
748625
748676
748820
748828
748924
748940
748967
749091
749105
749151
749694
749824
749935
749976
750020
750228
750294
750328
750388
750557
750719
750727
751120
751138
751221
751458
751511
751601
751617
751713
751863
751864
751879
751914
751919
752006
752030
752036
752063
752212
752241
752288
752290
752297
752317
752318
752493
752558
752592
752659
752683
752846
752866
753148
753237
753327
753628
753738
753773
753843
753872
753881
753975
754036
754037
754092
754188
754249
754250
754385
754391
754528
754529
754641
754671
754752
754757
754869
754905
755111
755461
755462
755619
755648
755693
755861
755995
756188
756257
756320
756565
756585
756634
756696
756798
756981
757007
757088
757108
757183
757248
757253
757589
757602
757625
757675
757735
757964
757970
758000
758079
758089
758101
758118
758327
758456
758466
758743
758744
758982
759144
759190
759406
759449
759664
759680
759830
759880
760110
760180
760424
760553
760650
760672
760777
760827
760834
761164
761199
761421
761519
761525
761548
762165
762259
762332
762494
762679
762825
762828
763078
763120
763152
763178
763225
763466
763508
763780
763822
763838
763908
764013
764167
764203
764243
764282
764284
764368
764612
764676
764733
764734
765022
765026
765226
765431
765695
765883
765894
765943
765945
766011
766059
766075
766321
766670
766762
766805
766876
766944
767140
767159
767240
767482
767486
767657
767678
767773
767966
768184
768343
768430
768455
768494
768765
769067
769089
769098
769164
769443
769473
769741
769930
770016
770056
770112
770174
770313
770391
770429
770508
770642
770656
770769
771120
771154
771379
771405
771411
771472
771621
771623
771648
771720
771810
772114
772216
772247
772353
772414
772556
772716
772787
772839
772901
773075
773099
773222
773363
773748
773885
774249
774437
774453
774472
774549
774554
774888
774960
774964
775013
775213
775265
775394
775442
775614
775741
775768
775939
776166
776173
776189
776211
776220
776231
776306
776370
776490
776677
776823
776936
776969
777066
777078
777094
777171
777273
777359
777385
777588
777617
777627
777761
778000
778060
778076
778126
778276
778410
778424
778482
778871
778997
779013
779109
779235
779356
779358
779680
779964
780186
780241
780248
780266
780307
780512
780577
780613
780626
780639
780848
780912
780953
781017
781099
781105
781176
781344
781354
781503
781505
781559
781728
781936
781960
781991
782089
782113
782345
782411
782700
782855
782881
782982
783002
783149
783166
783396
783421
783487
783490
783545
783669
783678
783679
783680
783697
783878
783902
783933
784115
784213
784342
784345
784358
784418
785078
785323
785388
785405
785430
785447
785488
785518
785869
785886
785904
785983
786080
786084
786128
786251
786268
786333
786419
786470
786752
786788
787191
787276
787386
787405
787959
788093
788114
788166
788213
788265
788331
788382
788386
788469
788652
788777
788888
789057
789061
789242
789279
789441
789506
789556
789667
789793
789881
789983
790057
790075
790167
790692
790901
790940
790964
790986
791070
791087
791195
791318
791383
791414
791510
791563
791821
792050
792149
792178
792198
792237
792248
792271
792415
792576
792604
792707
792730
792735
792808
792879
792882
793089
793186
793250
793351
793465
793500
793598
793672
793694
793814
793978
794077
794161
794308
794346
794550
794703
794736
794774
794869
794951
795120
795138
795422
795561
795811
795831
795927
795962
796041
796248
796339
796486
796507
797098
797111
797194
797206
797302
797304
797402
797492
797684
797752
797786
797812
798022
798023
798068
798083
798334
798475
798644
798678
798760
798931
798974
799175
799976
800037
800052
800166
800303
800388
800541
800657
800935
800947
800960
800975
801007
801210
801324
801496
801537
801639
801762
801835
802016
802120
802308
802382
802763
802777
802778
802868
802900
802981
802988
803086
803133
803222
803249
803351
803457
803664
803761
803909
803951
804054
804156
804196
804319
804505
804508
804668
804690
805040
805157
805300
805337
805468
805476
805502
805529
805543
805576
805749
805785
805789
805823
805860
805967
806018
806021
806089
806231
806276
806357
806459
806519
806676
806813
806867
807033
807058
807136
807213
807361
807681
807752
807938
807970
808050
808070
808109
808216
808398
808509
808583
808741
808811
808961
809072
809339
809494
809643
809682
809696
809735
810078
810096
810189
810240
810381
810382
810398
810505
810562
810637
810731
810753
810852
810984
811068
811207
811393
811690
811715
811909
811933
811974
812023
812025
812128
812213
812416
812424
812558
812591
812660
812670
812682
812718
812789
812846
812878
812910
812930
812997
813194
813297
813642
813691
813734
813794
813806
813888
813904
814000
814259
814537
814595
814799
814880
814919
814944
815170
815286
815350
815471
815568
815584
815603
815735
815969
816014
816030
816104
816130
816466
816703
816835
816854
816888
817132
817382
817405
817528
817684
817705
817762
817819
817848
817951
817992
818125
818277
818284
818356
818455
818538
818738
818762
818920
819193
819264
819471
819612
819694
819815
819863
820095
820138
820141
820151
820348
820536
820656
820668
820716
820736
820959
820962
821002
821027
821091
821152
821158
821338
821348
821625
821630
821690
821808
821956
821960
821979
821996
822027
822082
822090
822233
822234
822341
822501
822614
822880
822882
822965
823033
823035
823256
823434
823438
823449
823553
823600
823675
823720
823839
823856
823858
823997
824034
824074
824170
824206
824434
824448
824618
824639
824668
824894
825257
825265
825417
825453
825455
825541
825608
825751
825962
826078
826231
826283
826332
826469
826493
826577
826582
826618
826850
826919
827023
827050
827096
827113
827207
827355
827542
827670
827809
827930
828014
828046
828094
828197
828251
828270
828410
828575
828771
828957
828999
829174
829221
829223
829230
829340
829388
829538
829640
829646
829728
829764
829797
829940
829945
830065
830071
830233
830338
830364
830717
830881
831190
831194
831330
831456
831503
831524
831567
831746
831951
832004
832027
832038
832114
832126
832205
832287
832348
832435
832499
832616
832630
832741
832805
833045
833277
833738
833753
833901
834035
834104
834115
834202
834263
834280
834308
834313
834359
834440
834701
834839
834847
834898
835018
835080
835088
835219
835246
835514
835516
835600
835733
835959
836055
836218
836240
836383
836385
836429
836509
836555
836651
836680
837359
837576
837639
837687
837744
838031
838035
838395
838796
838902
838920
838928
839028
839093
839106
839256
839519
839561
839730
840073
840272
840487
840611
840732
840859
840931
841042
841353
841403
841411
841448
841612
841699
841782
841885
842010
842077
842209
842301
842425
842523
842527
842564
842592
842610
842643
842676
842953
843051
843116
843334
843554
843590
843702
843726
843796
843898
843910
843994
844068
844142
844355
844469
844495
844573
844597
844619
844947
845180
845609
845812
845870
846088
846318
846388
846443
846469
846568
846617
846824
846882
846904
847332
847352
847490
847627
847635
847655
847858
848065
848122
848143
848273
848370
848599
848628
848836
848848
849096
849259
849294
849295
849332
849405
849808
849817
849821
849915
850032
850150
850208
850257
850302
850313
850692
850749
850844
850867
850886
850994
851078
851123
851171
851249
851617
851717
852041
852496
852578
852672
852776
852889
852937
852963
853362
853535
853554
853570
853801
853860
853882
853905
854010
854027
854050
854051
854220
854251
854268
854315
854337
854338
854445
854475
854567
854576
854587
854673
855161
855216
855456
855547
855671
855753
855879
855904
856041
856290
856333
856433
856563
856675
856678
856775
856846
857070
857078
857146
857183
857243
857541
857737
857777
857831
857952
858011
858104
858109
858135
858274
858304
858431
858542
858689
858768
858877
859102
859303
859360
859363
859371
859422
859432
859604
859819
859962
860316
860788
860796
860877
860925
861028
861040
861094
861506
861547
861804
861846
861943
862009
862100
862161
862218
862244
862322
862362
862398
862507
862735
862826
862876
862891
863130
863184
863239
863260
863781
863810
863918
864052
864114
864221
864245
864462
864546
864619
864631
864778
864800
864819
865029
865062
865231
865271
865457
865473
865546
865597
865631
865643
865681
865965
865999
866031
866345
866386
866510
866565
866576
866597
866717
867042
867080
867167
867177
867296
867313
867642
867910
867912
867918
867924
867932
867946
868014
868033
868123
868181
868295
868490
868514
868844
868889
868944
868950
869001
869061
869214
869367
869473
869481
869673
869771
870045
870159
870183
870254
870313
870469
870505
870566
870573
870619
870663
870762
870766
871029
871319
871357
871492
871619
871897
871907
872162
872498
872830
873136
873163
873164
873253
873294
873303
873601
873635
873696
873753
873934
873948
873984
874060
874091
874291
874319
874330
874375
874383
874513
874767
874802
874819
874865
874987
875080
875081
875357
875725
875779
875987
876060
876098
876615
876666
876770
876859
876925
876930
876956
877068
877106
877288
877335
877542
877641
877751
877768
877802
877958
878022
878283
878318
878418
878522
878571
878872
878891
879044
879303
879543
879604
879756
879776
879947
880065
880210
880220
880433
880502
880762
880995
881022
881116
881163
881244
881442
881647
881907
882141
882162
882182
882288
882366
882619
882628
882671
882672
882702
882739
882824
882862
883072
883101
883290
883453
883547
883565
883568
883595
883612
883741
883834
883862
883935
884102
884122
884351
884427
884436
884564
884759
884792
884849
884894
885068
885272
885426
885446
885524
885635
885644
885668
885682
885949
885954
885968
886190
886261
886284
886335
886385
886426
886463
886714
886740
886862
886901
887100
887121
887149
887290
887528
887648
887668
887698
888035
888043
888056
888083
888116
888231
888251
888301
888373
888431
888437
888494
888503
888542
888770
888876
888911
888940
889092
889142
889157
889435
889607
889731
889749
889970
890013
890146
890215
890363
890542
890621
890645
890750
890840
891121
891139
891481
891504
891534
891694
891704
891784
892281
892590
892606
892656
892777
892786
893033
893048
893091
893119
893272
893284
893372
893430
893607
893640
893727
893913
894116
894163
894252
894367
894540
894665
894752
894830
894839
895016
895192
895231
895317
895468
895535
895578
895670
895702
895727
895771
895799
896105
896272
896551
896553
896861
896878
896991
897007
897023
897095
897171
897255
897260
897269
897456
897816
897819
897975
898022
898109
898281
898325
898332
898344
898507
898649
898795
898857
898954
898978
899032
899136
899144
899299
899351
899569
899647
899747
899779
900012
900102
900207
900221
900289
900420
900713
900873
900879
901041
901068
901101
901107
901303
901333
901634
901661
901743
901781
901950
902475
902604
902633
902712
902785
902796
902931
902932
903045
903307
903479
903639
903772
904027
904046
904134
904139
904210
904322
904720
904805
904994
905084
905184
905221
905347
905388
905722
905804
905881
905890
905898
905906
906106
906356
906372
906423
906471
906501
906587
906612
906740
906880
906901
907288
907526
907540
907685
907809
907843
907874
907963
908102
908205
908270
908301
908489
908611
908643
908737
908837
908898
908937
909016
909095
909145
909200
909479
909545
909789
909846
909949
909972
910852
910956
910974
911055
911140
911157
911248
911349
911379
911410
911814
911880
912061
912272
912493
912600
912881
912978
913046
913390
913402
913494
913707
913830
913832
913865
913896
914161
914227
914628
914860
914896
915009
915013
915159
915229
915445
915535
915552
915617
915635
915852
915940
916040
916214
916428
916450
916560
917020
917076
917274
917312
917329
917382
917503
917560
917571
917733
917792
917845
917902
917997
918048
918184
918195
918251
918316
918325
918437
918681
918835
918921
918965
919001
919049
919144
919179
919219
919260
919322
919356
919384
919622
920280
920382
920673
920744
920833
920924
921237
921268
921284
921457
921528
921568
921638
921699
921758
921773
921793
922026
922167
922196
922264
922282
922329
922455
922605
922698
923123
923166
923350
923394
923831
924246
924315
924344
924572
924588
924625
924644
924747
924771
925279
925330
925418
925570
925670
925683
925868
925949
926003
926140
926185
926330
926358
926450
926710
926922
927063
927143
927266
927268
927296
927301
927550
927573
927581
927590
927594
927672
927734
928135
928178
928273
928289
928352
928420
928434
928556
928663
928792
928854
928866
928968
929021
929232
929277
929292
929336
929443
929642
929886
929917
929954
930048
930266
930306
930369
930378
930386
930499
930502
930535
930677
930901
931024
931087
931359
931410
931437
931605
931840
931845
931846
931950
932071
932119
932148
932153
932356
932390
932419
932447
932535
932569
932790
932795
933001
933120
933122
933188
933283
933308
933460
933539
933603
933693
933787
933791
934141
934163
934383
934394
934412
934434
934476
934497
934507
934524
934849
934971
935070
935341
935379
935473
935479
935606
935608
935866
936469
936671
936756
936857
936920
936943
936966
937003
937313
937346
937446
937530
937601
937652
937756
937757
937848
937902
938125
938157
938163
938193
938350
938396
938448
938454
938514
938801
938835
938904
939117
939166
939433
939617
939735
939784
939793
939812
939823
939857
939897
939947
940016
940136
940346
940479
940495
940534
940596
940694
940898
940938
940969
941001
941119
941305
941330
941496
941603
941673
941799
942201
942394
942474
942697
942762
942797
942929
942960
942969
943008
943040
943043
943134
943311
943373
943447
943556
943678
943933
943934
943954
944531
944558
944869
945089
945312
945429
945601
945637
945953
945965
946371
946418
946509
946531
946606
946677
946733
946796
946823
947229
947386
947476
947591
947609
947795
947796
947898
948042
948077
948167
948212
948428
948560
948698
948769
948773
948980
949064
949210
949485
949610
949639
949672
949734
949754
949992
950053
950075
950081
950089
950265
950290
950305
950321
950502
950532
950542
950722
950840
951315
951336
951352
951370
951471
951559
951624
951878
952276
952344
952653
952734
953036
953056
953114
953192
953209
953229
953273
953500
953806
953811
953984
954382
954454
954547
954565
954758
954868
954910
955063
955466
955582
955703
955817
955940
955971
956071
956078
956153
956221
956264
956300
956315
956325
956780
956785
956837
956886
957167
957175
957511
957641
957676
957896
957929
957936
958016
958085
958157
958363
958444
958485
958616
958686
958776
958818
958820
959096
959147
959164
959268
959318
959450
959454
959472
959518
959529
959678
959795
960030
960202
960208
960342
960598
960802
960818
960913
960956
960995
961085
961257
961270
961462
961546
961590
961605
961647
961673
961833
961946
961967
962004
962076
962162
962228
962261
962482
962597
962699
962711
962777
962893
962894
962926
963170
963186
963247
963296
963325
963350
963374
963838
963968
964024
964037
964048
964051
964188
964220
964302
964326
964377
964489
964571
964645
964732
964833
964843
965252
965288
965400
965516
965520
965949
965959
966113
966117
966130
966395
966733
967001
967028
967051
967160
967215
967244
967262
967274
967340
967392
967415
967569
967691
967961
968138
968526
968621
968799
968842
968874
969041
969102
969105
969133
969255
969299
969333
969427
969483
969585
969897
969921
970016
970052
970207
970210
970282
970401
970466
970698
970757
970864
970875
970882
970888
971079
971144
971161
971280
971316
971350
971423
971538
971931
971995
972033
972115
972151
972179
972498
972648
972892
972932
973227
973234
973283
973339
973450
973480
973596
973660
973909
974043
974251
974379
974502
974601
974623
974818
974890
975030
975145
975185
975258
975347
975510
975515
975637
975677
975689
975691
975696
975743
975906
976005
976034
976313
976319
976365
976589
976623
976626
976647
976690
976775
976949
977206
977280
977412
977520
977528
977613
977675
977825
977935
978020
978200
978577
978586
978687
978706
978710
978747
978975
979039
979060
979275
979316
979391
979876
979921
979991
980009
980186
980244
980381
980459
980466
980720
980815
980878
980954
981037
981187
981246
981326
981632
981680
981699
981703
981793
981867
982149
982178
982360
982448
982466
982692
982717
982884
983054
983103
983141
983346
983502
983515
983700
983759
983774
983811
983851
983883
983887
983898
983961
983962
984019
984029
984062
984308
984321
984372
984400
984569
984603
984795
984910
984967
984980
985084
985106
985185
985393
985462
985532
985665
985780
985865
985937
985986
986063
986077
986122
986159
986213
986232
986261
986318
986440
986452
986507
986539
986580
986629
986665
986714
986778
986859
986886
986928
987271
987297
987327
987364
987406
987474
987591
987728
987744
987796
987848
987898
987909
988143
988180
988208
988237
988267
988614
988659
988752
988883
988953
988971
989190
989215
989237
989269
989331
989371
989394
989414
989539
989720
989803
989922
990008
990165
990256
990283
990426
990520
990691
990772
990888
990979
991022
991124
991245
991313
991329
991393
991500
991602
991712
991761
991951
992026
992037
992100
992105
992246
992414
992593
992623
992694
992817
992818
992839
992926
993014
993172
993338
993362
993543
993646
993723
993752
993926
994034
994221
994619
994629
994633
994673
994692
994697
994845
995120
995481
995531
995637
995668
995697
995845
995867
995913
995920
995996
996009
996039
996507
996569
996754
996815
996997
997074
997113
997238
997379
997421
997540
997719
997779
997898
997962
997991
998124
998267
998409
998436
998485
998521
998524
998544
998620
998650
998656
998799
999056
999066
999191
999220
999237
999313
999414
999443
999521
999557
999630
999681
999835
