10
56
63
220
223
224
225
317
384
407
417
654
759
884
1044
1091
1389
1419
1507
1542
1596
1652
1661
1739
1788
2006
2062
2199
2226
2366
2450
2546
2654
2879
2912
2967
2997
3100
3204
3269
3320
3323
3374
3421
3483
3504
3518
3639
3649
3766
3907
4061
4402
4470
4505
4519
4602
4648
4701
4808
4902
4942
4973
5140
5201
5424
5524
5543
5575
5614
5730
5785
5959
5967
6109
6160
6168
6429
6471
6488
6682
6930
7006
7193
7433
7525
7695
7737
8070
8250
8303
8318
8356
8379
8510
8526
8624
8780
8817
8946
9172
9239
9244
9255
9602
9619
9674
9755
9859
10087
10225
10335
10362
10401
10449
10502
10653
10875
10891
10974
11007
11112
11228
11246
11251
11268
11322
11367
11405
11444
11448
11635
11661
11713
11758
11967
12020
12163
12247
12255
12282
12532
12632
12642
12715
12753
12897
13016
13197
13314
13369
13479
13497
13545
13627
13658
13688
13740
13884
13887
13889
14003
14087
14153
14257
14282
14285
14313
14318
14389
14581
14582
14646
14740
14753
14792
14805
14925
14997
15275
15460
15595
15993
16008
16181
16204
16247
16357
16438
16503
16574
16595
16851
16869
16911
17023
17041
17274
17369
17501
17507
17637
17648
17653
17783
17801
17878
17909
17968
17998
18096
18142
18175
18200
18220
18421
18688
18734
18763
18857
18877
18917
18929
19251
19295
19328
19376
19415
19416
19487
19525
19528
19550
19649
19655
19684
19706
19779
19783
19849
19993
20212
20238
20371
20374
20387
20540
20849
20934
20994
21126
21133
21428
21510
21528
21629
21678
21726
21859
21975
22015
22093
22119
22247
22288
22420
22526
22575
22649
22704
22842
23092
23104
23296
23310
23350
23394
23482
23526
23527
23555
23836
23862
23958
24085
24169
24202
24234
24386
24450
24475
24492
24717
24807
25245
25349
25699
25838
25961
26047
26071
26189
26520
26522
26787
26900
27115
27154
27281
27525
27542
27639
28019
28214
28222
28264
28322
28383
28435
28457
28535
28559
28677
28728
28839
28851
28958
29010
29088
29097
29139
29217
29260
29427
29539
29778
29894
29992
30059
30076
30101
30164
30341
30422
30432
30496
30597
30671
30727
30946
30953
31063
31131
31180
31332
31355
31673
31816
32113
32149
32207
32317
32431
32598
32831
32842
32892
33162
33174
33206
33209
33212
33303
33396
33556
33635
34126
34159
34233
34341
34748
34795
34865
34881
35026
35093
35290
35479
35572
35710
35776
35785
35786
35831
35984
35989
36302
36351
36473
36492
36493
36636
36683
36850
36864
36904
36905
37211
37255
37261
37315
37672
38056
38158
38305
38437
38545
38649
38685
38718
38777
38866
38918
39024
39206
39294
39305
39323
39568
39632
39746
39769
39828
39845
39953
40160
40214
40235
40402
40413
40471
40603
40652
40674
40905
40930
40934
41112
41411
41583
41592
41627
41701
41932
41939
42079
42195
42267
42355
42447
42453
42578
42768
42808
42971
42998
43102
43157
43229
43257
43351
43524
43753
44141
44283
44330
44482
44657
44837
45108
45165
45202
45207
45219
45229
45286
45328
45363
45407
45592
45635
45690
45740
45939
46059
46136
46185
46258
46291
46344
46407
46414
46443
46534
46653
46815
46901
46964
47000
47113
47305
47381
47465
47470
47504
47707
47733
47810
47961
48045
48251
48254
48297
48446
48463
48467
48517
48587
48685
48872
48897
48990
49060
49174
49262
49495
49499
49793
49842
50086
50105
50236
50315
50337
50539
50736
50797
50848
50949
51087
51137
51358
51359
51450
51541
51706
51816
51964
52035
52089
52378
52588
52839
52880
53092
53102
53156
53285
53508
53911
53971
54157
54178
54210
54452
54454
54455
54504
54582
54681
54716
54777
54817
54880
54990
55014
55108
55214
55321
55407
55705
55725
55735
55744
55895
55911
56100
56137
56321
56446
56460
56466
56482
56543
56734
56812
56837
56857
57111
57154
57196
57378
57404
57555
57649
57719
57835
57934
58032
58060
58114
58137
58162
58172
58175
58187
58249
58343
58444
58464
58571
58649
58800
58922
58965
59292
59303
59314
59409
59410
59555
59657
59695
59734
59789
59801
59887
59914
59929
59970
60245
60781
60793
60882
61185
61200
61241
61248
61522
61525
61616
61637
61821
61832
61972
61988
61992
62007
62051
62116
62141
62153
62246
62270
62540
62746
62814
63024
63178
63238
63288
63323
63490
63516
63599
63630
63959
64000
64007
64045
64059
64117
64239
64275
64307
64703
64826
64913
65065
65119
65198
65202
65320
65427
65497
65499
65562
65607
65668
66041
66157
66258
66363
66467
66553
66568
66633
66749
66803
66906
66957
67009
67074
67478
67510
67596
67732
67752
67789
67944
67968
67991
68069
68105
68173
68187
68493
68535
68644
68710
68871
69039
69150
69217
69326
69394
69413
69515
69519
69631
69671
69715
70159
70313
70378
70404
70531
70559
70577
70623
70696
70782
70809
70951
71050
71178
71253
71378
71388
71693
71825
71848
71951
72102
72170
72386
72501
72512
72583
72664
72672
72774
72779
72917
72969
73129
73307
73377
73410
73412
73424
73427
73493
73496
73681
73745
73772
73847
73925
73956
74014
74097
74417
74531
75004
75083
75212
75253
75388
75432
75638
75659
75711
75727
75728
75771
75792
75845
75870
76065
76156
76480
76487
76642
76676
76726
76868
76884
77192
77225
77255
77334
77417
77439
77577
77584
77642
77749
77873
77953
77985
78092
78155
78270
78307
78440
78587
78606
78630
78693
78921
78968
78983
78998
79101
79181
79215
79437
79548
79625
79705
79762
79782
79857
79956
80080
80214
80313
80440
80534
80692
80905
81104
81172
81175
81257
81633
81677
81760
81841
81912
81969
81995
82015
82056
82114
82119
82163
82185
82312
82530
82695
82707
82717
82738
82753
82933
83006
83474
83502
83606
83626
83668
83749
83761
83762
83828
83830
83891
84476
84512
84594
85016
85064
85098
85109
85228
85326
85384
85408
85639
85724
85902
85943
86008
86106
86352
86536
86580
86594
86620
86791
86822
86831
86994
87050
87299
87443
87550
87636
87673
87704
87709
87816
87958
88000
88302
88317
88468
88735
88770
88807
89091
89118
89160
89308
89328
89609
89690
89701
89738
89832
89852
89876
89937
89945
90219
90256
90283
90315
90434
90447
90458
90479
90537
90595
90741
90838
90908
90922
91099
91133
91137
91183
91303
91351
91436
91507
91841
92239
92448
92665
92681
92696
92760
92905
93011
93102
93159
93290
93399
93542
93549
93576
93623
93860
94121
94140
94172
94196
94271
94299
94400
94505
94530
94576
94625
94723
94784
94862
94972
95050
95189
95237
95332
95338
95347
95484
95547
95603
95632
95861
95887
95977
96054
96069
96228
96425
96479
96588
96597
96687
96779
96825
96858
96875
97123
97129
97178
97318
97389
97404
97752
97853
97866
97930
98030
98523
98628
98670
98780
98919
99049
99061
99071
99086
99411
99562
99621
99670
99727
99766
99773
99779
99864
99917
99972
100141
100206
100357
100375
100717
101001
101385
101632
101636
101652
101761
101790
101858
102053
102065
102203
102427
102552
102641
102683
102777
102949
103005
103216
103440
103447
103649
103676
103801
103878
103991
104102
104188
104248
104357
104438
104696
104805
104890
104919
105141
105183
105328
105572
105593
105645
105870
105905
105953
106069
106090
106151
106162
106165
106206
106208
106542
106638
106656
106773
106938
106941
106942
106952
106966
107066
107080
107193
107212
107256
107290
107388
107440
107740
107871
107945
108148
108402
108418
108544
108602
108621
108653
108850
108891
108999
109089
109139
109339
109384
109541
109635
109745
109755
109958
110079
110122
110128
110354
110364
110392
110523
110800
110852
110873
111110
111121
111237
111284
111339
111407
111425
111569
111629
111692
111775
111785
111792
111896
112309
112476
112534
112603
112621
112853
112915
112966
113053
113096
113409
113483
113492
113593
113762
113838
113874
113877
113898
113954
114035
114036
114125
114139
114159
114249
114351
114387
114565
114706
114876
114977
114989
115494
115620
115679
115823
115887
116171
116198
116211
116324
116330
116484
116485
116517
116749
116864
116907
117104
117402
117571
117745
117867
117886
118080
118144
118326
118447
118473
118625
118692
118730
119235
119346
119443
119534
119763
120146
120227
120380
120722
120771
120812
121039
121120
121312
121491
121578
121645
122038
122046
122118
122253
122279
122284
122591
122615
122818
122914
122949
122976
123108
123144
123290
123355
123369
123674
123834
124186
124323
124398
124433
124501
124527
124536
124548
124703
124719
124731
124777
124781
124803
124855
125088
125721
125787
125885
125903
126017
126073
126126
126176
126322
126324
126414
126421
126478
126583
126591
126703
126730
126798
126822
126932
126951
126968
126987
127230
127231
127266
127358
127423
127449
127476
127520
127579
127823
127834
128003
128133
128275
128336
128337
128404
128462
128506
128703
129198
129319
129407
129498
129831
129841
129932
129968
130016
130023
130290
130401
130431
130462
130608
130812
130827
130911
131046
131066
131183
131265
131282
131339
131446
131545
131626
131781
131803
132180
132197
132298
132304
132319
132353
132413
132776
132795
132796
132820
132846
132963
133027
133047
133460
133551
133624
133763
133861
133973
134046
134098
134232
134305
134503
134505
134770
134802
134812
134887
134906
134997
135170
135216
135738
135794
135820
135836
136021
136267
136440
136516
136628
136713
136778
136830
136866
136909
137039
137055
137106
137245
137247
137435
137459
137471
137528
137582
137654
137794
137865
138174
138293
138300
138309
138378
138642
138646
138719
138747
138867
138902
138946
139361
139397
139399
139425
139542
139593
139636
139647
139762
139813
139875
140026
140053
140075
140099
140130
140158
140340
140377
140599
140733
140909
140971
141073
141373
141431
141576
141596
141679
141684
141916
141984
142008
142339
142395
142417
142490
142752
142759
142769
142917
143003
143167
143171
143229
143271
143277
143367
143398
143558
143728
143912
144052
144158
144160
144176
144295
144369
144392
144443
144509
144638
144642
144716
144757
145073
145094
145293
145351
145365
145471
145509
145542
145629
145692
145804
146097
146273
146360
146399
146776
146842
146854
146932
146950
146962
147019
147098
147149
147190
147390
147433
147440
147598
147632
147758
147768
147800
147888
147905
147970
148183
148288
148364
148569
148741
148791
148879
149063
149187
149466
149856
150009
150013
150128
150157
150201
150230
150233
150257
150333
150429
150530
150725
150886
150929
150994
151047
151065
151496
151728
151813
151895
151935
152083
152180
152191
152316
152390
152558
152563
152793
152808
152998
153114
153124
153129
153447
153485
153567
153595
153720
153770
154045
154356
154500
154580
154688
154784
154881
154882
155074
155088
155175
155212
155432
155580
155608
155650
155746
155783
155966
155973
156190
156393
156425
156457
156560
156579
156687
156773
156858
156895
156937
157058
157157
157190
157352
157817
157986
158022
158084
158124
158137
158224
158290
158295
158392
158716
158950
159045
159247
159312
159427
159560
159566
159709
159773
159940
160043
160109
160172
160345
160589
160590
160619
160683
160733
160763
160804
160828
160905
161162
161195
161398
161560
161738
161846
161862
161910
161916
162207
162350
162407
162508
162528
162679
162692
162760
162784
162979
163156
163288
163332
163398
163516
163563
163646
163823
163839
163888
164053
164162
164454
164466
164522
164527
164608
164638
164783
164927
165042
165163
165333
165501
165691
165717
165731
165921
165988
166110
166125
166136
166147
166167
166207
166417
166464
166563
166847
166879
167012
167154
167416
167512
167554
167935
168222
168285
168574
168672
168796
168807
169150
169220
169310
169389
169444
169533
169696
169767
169943
169949
169983
170012
170017
170315
170330
170339
170520
170568
170588
170595
170624
170714
170838
170986
171011
171154
171282
171445
171450
171507
171566
171591
171899
172038
172039
172319
172462
172561
172707
172741
172882
172899
172948
172949
173167
173408
173465
173564
173587
173751
173835
173882
173968
174051
174146
174172
174216
174489
174526
174573
174794
174899
175021
175247
175275
175291
175397
175446
175509
175647
175846
175914
175936
175971
176042
176114
176460
176466
176593
176631
176679
176767
177002
177261
177381
177511
177649
177651
177723
177995
177998
178039
178078
178245
178417
178503
178675
178694
178806
179002
179007
179008
179050
179076
179147
179206
179243
179378
179431
179475
179492
179530
179550
179664
179748
179749
179883
180022
180078
180216
180366
180386
180617
180790
180817
180867
180926
181012
181032
181040
181152
181280
181290
181383
181567
181749
181770
181973
182049
182377
182409
182517
182538
182705
182720
182861
182959
183226
183244
183443
183494
183595
183840
183911
184264
184355
184584
184635
184713
184725
184753
184764
185040
185052
185070
185204
185326
185485
185714
185744
186003
186068
186153
186450
186762
186843
186955
187180
187315
187412
187478
187749
187941
188214
188287
188338
188591
188652
188736
188756
188836
188856
188858
189062
189088
189169
189171
189207
189268
189377
189525
189714
189786
189900
189905
190047
190399
190404
190563
190618
190619
190783
190796
190937
191019
191039
191162
191163
191277
191337
191383
191484
191747
191765
191905
191939
192118
192139
192325
192409
192890
193144
193158
193209
193285
193294
193383
193575
193582
193614
193735
193771
193821
193894
193950
193962
193975
194207
194507
194593
194660
195025
195064
195163
195213
195337
195639
195666
196205
196331
196431
196512
196647
196706
196720
196815
196913
196922
197061
197096
197459
197516
197655
197666
197682
197734
197899
197932
198097
198150
198330
198364
198399
198442
198511
198648
198654
198656
198747
198771
198918
199028
199042
199074
199127
199149
199221
199253
199287
199311
199312
199318
199372
199381
199395
199402
199458
199464
199577
199646
199652
199703
199829
199922
200049
200077
200172
200452
200615
200681
200736
200862
200958
201207
201222
201393
201441
201516
201579
201718
201865
201926
201947
202242
202361
202468
202621
202736
202837
202871
202879
203022
203106
203328
203383
203384
203443
203532
203722
203808
203855
204011
204029
204140
204147
204383
204385
204635
204838
204942
204978
205080
205231
205287
205370
205527
205616
205645
205702
205806
205838
205974
206081
206115
206140
206234
206266
206302
206353
206462
206464
206649
206658
206695
206706
206839
206883
206950
206970
207078
207196
207285
207376
207572
207580
207950
208089
208136
208219
208281
208311
208324
208434
208472
208569
208578
208583
208599
208681
208841
208868
208998
209145
209316
209528
209559
209644
209686
209708
209805
209875
210155
210258
210331
210366
210396
210471
210546
210556
210684
210723
210816
210871
210933
211031
211058
211087
211134
211142
211208
211289
211344
211393
211530
211602
211787
211881
212179
212184
212505
212578
212702
212728
212885
212901
212947
213136
213240
213324
213371
213442
213519
213667
213874
213876
213935
214018
214155
214190
214243
214552
214571
214623
214660
214663
214699
215241
215382
215417
215497
215950
216116
216141
216165
216178
216255
216357
216545
216564
216578
216680
216710
216714
216738
216753
217036
217245
217362
217422
217549
217563
217575
217612
217634
217728
217877
217953
217991
218209
218237
218277
218439
218712
218773
218957
219167
219234
219280
219511
219523
219532
219748
219754
219767
219780
219892
219921
220140
220215
220345
220346
220424
220494
220543
220776
220859
220905
220916
220966
220995
221046
221168
221211
221278
221303
221365
221442
221562
221597
221787
221871
221881
221932
221963
222081
222088
222167
222191
222356
222577
222735
223193
223202
223226
223523
223554
223662
223719
223753
223901
223972
223992
224103
224148
224217
224267
224284
224600
224602
224628
225061
225161
225183
225257
225435
225489
225574
225656
225744
225821
225823
225883
225890
225952
226031
226055
226182
226185
226229
226250
226279
226295
226303
226410
226474
226677
226762
226890
226943
227233
227302
227309
227338
227745
227820
227951
227977
228052
228376
228821
228962
229015
229038
229173
229281
229359
229504
229513
229598
229671
230060
230254
230407
230468
230568
230700
230729
230898
230959
231072
231133
231392
231669
231859
232141
232263
232287
232402
232462
232717
232733
232777
232857
233143
233244
233428
233551
233788
233839
233848
233897
234041
234082
234165
234242
234461
234621
234627
234684
234738
234795
234880
234920
235322
235371
235407
235523
235534
235627
235637
235795
235844
235886
235991
236085
236234
236495
236575
236791
236855
236940
237093
237106
237139
237211
237227
237372
237402
237414
237438
237469
237565
237605
237650
237681
237791
237943
238147
238174
238237
238502
238516
238627
238771
238851
238902
238928
239083
239377
239555
239605
239635
239656
239662
239930
239991
240126
240160
240175
240334
240366
240367
240427
240577
240625
240635
240670
240782
240884
240897
240924
240971
240977
241224
241274
241276
241393
241419
241459
241563
241912
241945
242162
242186
242244
242282
242312
242479
242493
242496
242785
242829
243256
243335
243395
243433
243538
243609
243644
243645
243950
243978
244058
244274
244275
244476
244554
244610
244739
244764
244952
244981
245118
245272
245288
245448
245488
245530
245827
245936
245951
246071
246119
246146
246355
246680
247049
247128
247299
247301
247403
247453
247479
247538
247672
247861
247877
248202
248226
248315
248440
248722
248776
249001
249008
249042
249311
249446
249506
249657
249747
249757
249783
249880
249918
249974
249995
250052
250136
250217
250331
250619
250858
250884
250893
250946
250962
251118
251187
251315
251435
251517
251527
251620
251685
251746
251876
251895
252010
252126
252135
252254
252306
252320
252346
252474
252495
252699
252778
253053
253122
253297
253333
253355
253428
253563
253657
253707
253808
253885
253951
253973
254095
254384
254422
254607
254638
254720
254891
255094
255141
255307
255335
255397
255591
255600
255604
255605
255668
255855
255890
255913
255943
255989
256022
256137
256337
256371
256382
256443
256610
256710
256910
257069
257127
257704
257821
257833
257918
257946
257959
258159
258210
258327
258397
258509
258624
258653
258834
258989
259006
259043
259108
259130
259258
259303
259309
259357
259408
259533
259705
260033
260273
260274
260365
260431
260648
260665
260888
260906
261220
261244
261308
261341
261444
261539
261651
261690
261714
261720
261796
261888
261954
261978
262093
262159
262273
262546
262747
262964
262970
263081
263085
263125
263144
263219
263299
263329
263356
263408
263554
263640
263650
263831
263876
263963
263969
264172
264376
264407
264517
264589
264659
264733
264908
264955
264989
265029
265099
265248
265269
265346
265391
265449
265796
265805
265954
266005
266086
266100
266337
266339
266504
266682
266953
267362
267502
267717
267818
267842
267874
267914
267933
267968
268029
268039
268119
268333
268346
268563
268758
268942
268949
268952
269075
269236
269867
270000
270071
270076
270105
270198
270321
270375
270423
270464
270521
270570
270606
270699
270717
270751
270902
270947
270969
270988
270998
271048
271052
271165
271173
271297
271391
271462
271603
271691
271876
271993
272014
272148
272189
272222
272237
272272
272571
272723
272773
272799
272900
272910
273209
273262
273285
273349
273714
273783
273828
273951
274091
274129
274430
274469
274612
274626
274640
274681
274708
274728
274773
275020
275045
275210
275249
275954
276164
276200
276414
276653
276752
276784
276860
277123
277168
277218
277269
277389
277496
277559
277580
277587
277781
277814
277834
277862
278088
278190
278277
278501
278549
278843
278869
278872
278929
279051
279062
279083
279208
279229
279246
279389
279447
279481
279496
279531
279568
279574
279622
279667
279691
279695
279706
279826
279843
279888
279934
279986
280584
280799
280814
280868
280875
281089
281112
281145
281176
281192
281197
281267
281332
281335
281465
281814
281842
281876
281880
282059
282134
282454
282751
282756
283047
283243
283309
283783
283952
284141
284178
284850
285058
285080
285105
285232
285458
285471
285645
285810
285876
285966
286015
286134
286254
286598
286647
286656
286783
286936
286981
286997
287050
287162
287205
287238
287375
287384
287425
287484
287607
287633
287799
287817
287858
287904
287955
288017
288138
288176
288188
288479
288489
288911
289110
289132
289294
289305
289473
289536
289649
289878
290009
290188
290232
290348
290535
290700
290719
290724
290920
291079
291246
291424
291461
291524
291702
291997
292151
292210
292238
292276
292488
292528
292690
292803
292875
292931
293106
293370
293398
293443
293516
293543
293771
293783
293797
293810
293845
294099
294201
294248
294265
294267
294417
294531
294831
294911
294939
294981
295059
295086
295130
295211
295386
295421
295563
295750
295788
295972
295984
296010
296065
296162
296168
296242
296305
296417
296440
296701
296894
296975
297176
297244
297277
297374
297410
297424
297469
297523
297574
297680
297762
297765
297926
298173
298440
298447
298465
298603
298732
298736
298793
299140
299271
299316
299323
299336
299808
299851
299869
299903
299959
300144
300160
300376
300558
300641
300699
300770
300924
300929
301018
301087
301162
301173
301208
301323
301476
301638
301786
301920
302010
302028
302062
302257
302384
302415
302545
302687
302776
302988
303230
303246
303456
303493
303565
303579
303720
303806
304203
304408
304433
304538
304539
304554
304739
304752
304753
304768
304805
304809
304867
304937
305032
305268
305313
305501
305518
305546
305673
305713
305763
305928
306093
306142
306309
306385
306508
306562
306718
306896
307055
307282
307349
307360
307653
307788
308028
308042
308146
308242
308332
308534
308683
308693
308859
308961
309188
309290
309310
309547
309556
309561
309612
309644
309979
310336
310347
310397
310492
310771
311093
311287
311457
311532
311655
311661
311801
311807
312063
312096
312335
312515
312646
312659
312875
312929
313004
313073
313121
313196
313428
313565
313777
313788
313986
314012
314193
314628
314737
314744
314803
314881
314973
315010
315058
315091
315107
315121
315386
315518
315534
315565
315735
315780
316203
316244
316370
316491
316665
316752
316800
316930
316980
317117
317121
317126
317130
317137
317188
317313
317470
317595
317703
317816
317927
317958
318179
318349
318352
318489
318555
318608
318696
318766
318813
318968
319222
319313
319337
319451
319557
319625
319833
319930
320058
320275
320352
320390
320571
320643
320908
320967
321137
321212
321254
321368
321496
321498
321539
321638
321696
321704
321743
321965
321969
322090
322264
322298
322453
322545
322770
322839
322908
323035
323097
323228
323278
323417
323711
323766
323769
323802
323887
323997
324056
324123
324197
324243
324267
324363
324405
324455
324531
324553
324566
324817
324843
324968
325099
325110
325117
325235
325281
325433
325441
325456
325739
325773
326056
326104
326271
326282
326355
326511
326515
326833
326838
326877
327267
327417
327467
327658
327805
327828
327951
328358
328415
328429
328503
328560
328736
328931
328944
328960
328967
329010
329295
329505
329531
329622
329676
329786
329822
329904
329956
330290
330310
330383
330467
330485
330579
330609
330625
330626
330628
330708
330991
330998
331126
331293
331311
331711
331751
331894
331929
332110
332135
332178
332233
332329
332370
332460
332558
332769
332875
332883
332915
333118
333135
333196
333250
333331
333466
333478
333522
333529
333546
333583
333861
333869
333872
333986
334026
334081
334177
334218
334372
334695
334769
334875
335155
335298
335434
335656
335772
335789
336228
336308
336350
336489
336525
336553
336579
336581
336599
336666
336737
336783
336916
336919
336969
337077
337112
337204
337376
337379
337384
337395
337416
337426
337484
337539
337638
337712
337860
338066
338141
338167
338363
338426
338442
338465
338499
338534
338603
338943
339051
339064
339106
339133
339244
339300
339340
339571
339643
339646
339900
340326
340441
340500
340518
340539
341239
341467
341561
341612
341624
341710
341887
341940
342062
342682
342783
342819
342862
342926
343147
343166
343176
343296
343361
343402
343575
343648
343655
343976
344197
344624
344626
344779
344780
345112
345159
345364
345489
345528
345814
345887
345981
345989
346016
346021
346206
346328
346390
346452
346499
346504
346672
346688
346767
346954
347149
347220
347372
347632
347664
347719
347769
347941
347981
348000
348056
348113
348466
348470
348528
348548
348591
348640
348844
348945
349016
349254
349268
349297
349529
349627
349675
349710
349797
349981
350104
350152
350425
350438
350466
350561
350718
350784
350832
350997
351011
351013
351166
351202
351228
351246
351260
351404
351460
351536
351548
351615
351773
351787
351877
351892
352074
352134
352176
352252
352259
352270
352484
352489
352862
352902
352923
353101
353106
353188
353273
353337
353366
353425
353429
353627
353849
354048
354111
354207
354231
354254
354260
354362
354391
354436
354519
354532
354572
354622
354789
354792
354854
354930
355004
355032
355158
355282
355310
355493
355675
355794
355929
355996
356172
356240
356300
356314
356448
356490
356493
356515
356624
356821
357090
357264
357416
357553
357835
357836
357914
357952
358421
358501
358526
358566
358585
358617
358855
358949
358987
359103
359165
359331
359335
359339
359501
359532
359613
359897
360132
360192
360277
360320
360603
360633
360680
360813
360965
361053
361089
361109
361385
361481
361609
361667
361740
361837
361860
362054
362063
362071
362267
362281
362309
362322
362357
362744
362754
362787
363061
363077
363260
363408
363525
363591
363650
363835
364085
364154
364164
364183
364307
364557
364589
364649
364873
365027
365040
365053
365130
365270
365331
365405
365457
365811
365841
365998
366040
366049
366366
366536
366640
366728
366834
366950
367262
367390
367414
367533
367617
367773
367782
367869
367954
368010
368099
368204
368396
368403
368489
368533
368713
368753
368868
368880
369078
369100
369292
369318
369333
369408
369409
369516
369534
369594
369642
369873
369878
369902
370035
370049
370057
370167
370314
370487
370507
370613
370669
370770
371224
371302
371337
371369
371410
371607
371949
372099
372475
372658
373040
373108
373223
373648
373654
373668
373841
373991
374131
374135
374210
374212
374484
374964
375023
375024
375041
375078
375218
375409
375673
375720
375728
375740
375996
376009
376091
376168
376190
376393
376416
376566
376633
376729
376766
376781
376798
376842
376882
377069
377185
377388
377544
377564
377674
377804
377895
378107
378196
378335
378355
378460
378578
378590
379016
379050
379306
379352
379623
379749
379846
379865
380025
380082
380146
380238
380274
380294
380313
380370
380388
380438
380447
380455
380693
380729
380732
381099
381105
381125
381151
381195
381209
381216
381563
381607
381743
381815
381868
381891
381915
381989
382029
382340
382343
382426
382666
382763
382773
382844
382875
383114
383160
383237
383266
383417
383428
383661
383739
383856
383901
383919
384020
384101
384194
384205
384216
384279
384511
384785
385145
385392
385412
385559
385566
385581
385696
385733
385770
385915
385987
386005
386015
386036
386072
386345
386511
386610
386626
386844
386974
387404
387454
388129
388187
388199
388259
388405
388572
388653
388679
389003
389202
389343
389360
389362
389808
389956
390004
390111
390285
390344
390365
390556
390677
390780
390783
391068
391245
391279
391359
391389
391486
391683
391695
391737
391790
391982
392005
392027
392057
392089
392150
392324
392402
392421
392457
392525
392717
392758
392822
392895
392928
392994
393056
393129
393401
393828
393862
393864
393880
393884
393964
393965
394032
394110
394152
394337
394454
394509
394619
394624
394792
394956
394984
394994
394999
395001
395064
395123
395159
395604
395629
395638
395642
395725
395890
395976
395992
396026
396067
396076
396413
396449
396516
396566
396728
396780
396782
396806
396858
396936
396963
397233
397352
397385
397451
397650
397772
397998
398070
398092
398097
398169
398424
398449
398726
398774
399130
399254
399306
399316
399444
399615
399857
399963
399998
400133
400312
400390
400417
400562
400726
400806
401033
401194
401217
401371
401383
401400
401852
401914
401983
402119
402318
402362
402620
402666
402714
402773
402872
402949
402957
402979
403174
403202
403355
403476
403603
403643
403644
403878
403933
404073
404283
404334
404494
404700
404705
404859
405062
405104
405436
405445
405454
405651
405669
405701
405763
405797
405827
405861
405942
405960
405981
406008
406023
406080
406140
406631
406652
406775
406985
407006
407093
407182
407241
407286
407319
407526
407531
407553
407731
407803
407830
407839
407859
407904
407998
408020
408359
408361
408382
408384
408427
408443
408763
408887
409338
409373
409704
409741
409816
409818
409943
410023
410028
410051
410185
410214
410300
410305
410404
410510
410575
410634
410646
410792
410942
410950
410951
410973
410975
411133
411261
411399
411422
411430
411487
411651
411736
411929
412067
412068
412139
412177
412204
412312
412377
412406
412456
412520
412694
412728
412821
413037
413094
413170
413224
413607
413995
413996
414078
414122
414130
414275
414370
414377
414425
414556
414655
414874
414939
414988
415166
415206
415263
415311
415497
415775
415850
415858
415909
415917
416099
416150
416226
416321
416386
416402
416407
416551
416664
416702
416717
416742
416825
416862
416954
417149
417180
417198
417295
417320
417427
417468
417512
417519
417571
417782
417833
418060
418117
418149
418166
418180
418440
418573
418638
418712
418793
419070
419421
419553
419593
419723
419815
419816
419970
420016
420141
420157
420195
420234
420550
420818
420919
421222
421284
421311
421616
421642
421748
421840
422009
422052
422060
422070
422266
422296
422310
422333
422352
422452
422457
422494
422504
422537
422646
422723
422916
422928
422999
423033
423049
423091
423115
423256
423281
423439
423579
423733
423980
423991
424177
424237
424418
424460
424499
424907
425057
425472
425531
425665
425683
425921
425930
425979
426034
426278
426490
426492
426517
426581
426638
426666
426693
426750
426756
426825
426865
426886
426910
427075
427112
427176
427322
427426
427568
427583
427585
427702
427945
428062
428069
428213
428298
428806
428838
428949
428954
429146
429281
429322
429343
429368
429431
429504
429746
429808
430317
430479
430573
430575
430605
430672
430737
430763
430841
430874
430990
431125
431133
431139
431244
431255
431283
431349
431419
431530
431535
431597
431631
431904
432010
432084
432275
432348
432392
432406
432409
432592
432718
432770
432815
432906
433009
433035
433146
433293
433298
433309
433763
433828
434008
434097
434319
434506
434524
434543
434631
434652
434659
434665
434786
434802
434837
434874
434876
434898
434965
435010
435071
435139
435375
435474
435571
435583
435812
435846
435871
435916
436192
436216
436221
436264
436338
436568
436581
436704
436773
436822
436946
436985
437047
437073
437151
437368
437558
437632
437653
437677
438193
438218
438434
438464
438670
438905
438924
439144
439442
439490
439532
439576
439718
439813
439830
439916
439933
440074
440118
440217
440278
440357
440383
440604
440928
440939
441355
441459
441878
441917
441953
442102
442186
442268
442526
442547
442595
442598
442620
442626
442822
443020
443097
443307
443385
443411
443488
443607
443609
443762
443887
444073
444102
444468
444480
444968
445068
445202
445364
445604
445692
445852
445959
445978
446053
446115
446304
446322
446471
446497
446612
446680
446814
446866
446914
446966
447235
447311
447365
447454
447578
447630
447736
447806
447981
448090
448406
448462
448590
448616
448643
448652
448807
448906
449108
449171
449358
449500
449578
449637
449646
450032
450163
450401
450515
450622
450822
450981
451007
451163
451205
451332
451478
451507
451520
451548
451692
451747
451811
451996
452047
452127
452207
452285
452436
452479
452506
452885
452927
452940
452988
453044
453188
453327
453459
453495
453527
453590
453656
454058
454116
454181
454184
454306
454575
454666
454790
454836
455030
455072
455108
455159
455364
455375
455385
455402
455540
455712
455905
456151
456205
456290
456326
456330
456401
456423
456547
456809
457158
457167
457326
457355
457437
457568
457573
457645
457707
457756
457769
457920
458010
458058
458341
458381
458412
458507
458611
458641
458644
458894
458938
458947
459189
459311
459371
459471
459476
459944
459969
459978
460072
460122
460125
460167
460316
460402
460466
460509
460578
460669
460677
460678
460724
460729
460801
460875
460992
461223
461282
461394
461638
461793
461860
462138
462179
462281
462399
462487
462531
462542
462629
462741
462867
462886
462894
462906
462983
463102
463194
463235
463237
463480
463609
463885
463898
463954
463978
464003
464004
464152
464683
464750
464768
465170
465201
465230
465295
465339
465354
465442
465512
465862
465952
465985
466104
466125
466260
466282
466344
466688
466752
466785
466905
466909
466911
467015
467037
467039
467071
467178
467269
467399
468097
468250
468272
468312
468325
468376
468584
468603
468711
468956
469032
469190
469243
469463
469768
469834
470262
470391
470453
470631
470676
470767
470822
470991
471121
471130
471215
471221
471222
471241
471259
471609
471667
471791
471830
471921
472087
472216
472232
472259
472374
472383
472577
472662
472777
472872
472984
473040
473052
473225
473294
473386
473444
473664
473836
473910
473912
474304
474344
474518
474530
474577
474999
475235
475258
475331
475490
475520
475616
475739
475741
475744
476040
476209
476234
476384
476434
476489
476874
476875
476883
477055
477141
477156
477235
477371
477401
477416
477450
477515
477529
477576
477738
477868
478053
478089
478189
478201
478214
478370
478430
478648
478928
478929
479021
479042
479128
479193
479211
479469
479480
479556
479710
480066
480099
480131
480145
480150
480153
480192
480382
480623
480624
480731
480834
480860
480892
481096
481281
481342
481388
481623
481670
481703
481774
481837
481883
482045
482384
482434
482501
482686
482794
482819
482860
482893
482939
482983
482995
483141
483160
483468
483732
483835
483929
484167
484354
484370
484460
484582
484691
484847
484999
485065
485221
485239
485403
485872
485903
486288
486535
487000
487016
487180
487300
487303
487306
487382
487559
487586
487613
487707
487880
487925
488037
488193
488271
488311
488319
488379
488548
488794
488809
488811
489139
489233
489310
489448
489505
489516
489921
489963
490010
490063
490181
490204
490211
490256
490268
490402
490430
490460
490461
490565
490816
490898
490958
491292
491332
491345
491426
491441
491500
491585
491740
491741
491811
491860
491959
491976
492040
492099
492154
492172
492372
492420
492458
492897
492936
493146
493410
493474
493483
493492
493517
493551
493812
493868
493975
494020
494021
494043
494176
494434
494516
494554
494700
494821
494916
494917
495185
495321
495635
495806
495963
496118
496225
496294
496534
496592
496805
496809
496975
497006
497615
497937
497994
498035
498037
498169
498747
498812
498865
499228
499231
499303
499325
499521
499558
499614
499635
499664
499686
499841
499848
499857
499930
500011
500069
500294
500316
500360
500421
500537
500655
500714
500864
501005
501358
501367
501414
501464
501477
501491
501509
501556
501676
501776
501791
501819
502039
502075
502367
502598
502606
502884
503008
503073
503145
503328
503337
503594
503761
504179
504210
504256
504342
504500
504540
504718
504877
504970
504983
505058
505201
505404
505408
505523
505720
505772
505782
505836
506008
506099
506122
506309
506317
506520
506732
506967
506978
507014
507017
507058
507142
507165
507301
507334
507379
507422
507434
507507
507702
507765
507822
507856
507905
507996
508170
508183
508318
508353
508448
508506
508561
508596
508719
508770
508823
508881
509191
509221
509254
509334
509403
509751
509759
509887
509935
509961
510201
510213
510365
510382
510559
510588
510674
510933
510934
511064
511135
511207
511268
511481
511622
511681
511787
511830
511933
512073
512074
512097
512102
512193
512234
512433
512452
512595
512667
512763
512835
512853
512877
512955
513027
513201
513504
513548
513552
513751
513775
513851
513859
513876
513995
514012
514206
514294
514371
514455
514478
514483
514562
514682
514929
515031
515170
515211
515291
515301
515525
515540
515556
515578
515704
515847
515910
515914
516036
516107
516208
516230
516295
516429
516498
516500
516549
516659
516872
516984
517083
517285
517655
517870
517878
517907
518002
518074
518188
518266
518640
518817
518871
519103
519130
519200
519481
519503
519686
519768
519772
519784
519823
520146
520179
520193
520360
520387
520717
520911
520944
520990
521048
521284
521336
521500
521573
521925
521959
522022
522173
522319
522411
522511
522745
522771
522870
522990
523307
523336
523511
523685
523752
523816
523884
523895
523991
524293
524325
524550
524885
524930
525125
525249
525259
525294
525806
525813
525936
526116
526136
526155
526414
526451
526548
526851
527312
527413
527415
527604
527680
527986
528519
528576
528628
528720
528826
529084
529160
529343
529387
529392
529475
529482
529722
529728
529762
529872
529876
529911
529938
529950
530280
530312
530384
530733
530838
530849
530850
530899
531026
531050
531057
531134
531284
531395
531570
531639
532025
532136
532153
532348
532382
532401
532423
532591
532613
533078
533129
533276
533321
533590
533727
533791
533932
534023
534283
534332
534566
534623
534782
535089
535134
535360
535447
535452
535520
535555
535603
535621
535622
535631
535636
535758
535907
536119
536355
536408
536532
536630
536669
536718
536881
537235
537392
537764
538009
538100
538104
538181
538188
538200
538285
538732
538744
538984
539084
539240
539413
539892
540042
540123
540699
540778
540799
540823
540961
541075
541083
541117
541323
541406
541615
541763
541828
541878
541916
541929
542057
542299
542316
542423
542425
542651
542846
542858
542901
543016
543068
543142
543170
543308
543445
543447
543539
543760
543930
544136
544177
544278
544393
544483
544626
544812
544853
544894
544949
544981
545040
545128
545494
545673
545683
545786
545794
546177
546249
546302
546357
546393
546456
546473
546586
546625
546802
546965
547087
547375
547436
547465
547498
547523
547666
547823
547901
547955
548056
548241
548425
548482
549244
549249
549343
549437
549479
549485
549551
549566
549677
549842
549947
549960
550024
550190
550340
550380
550412
550537
550580
550761
550777
550876
550908
551051
551120
551279
551448
551564
551665
551690
551945
551998
552004
552073
552122
552409
552454
552559
552607
552728
552779
552795
552947
553000
553039
553056
553179
553189
553279
553446
553588
553657
553998
554078
554219
554231
554257
554297
554493
554843
554910
555074
555114
555203
555379
555404
555519
555588
555769
555791
555877
556064
556165
556202
556586
556595
556615
556962
557035
557046
557165
557348
557428
557452
557510
557643
557668
557789
557810
558090
558138
558189
558223
558244
558316
558485
558676
558783
558833
559122
559306
559376
559598
559627
559698
559860
560090
560301
560407
560409
560783
560871
561137
561237
561273
561292
561297
561516
561565
561616
561693
561714
561857
561938
562084
562088
562169
562341
562355
562411
562545
562563
562620
562660
562723
562761
562841
563079
563092
563166
563201
563250
563258
563289
563386
563567
563673
563751
563800
563887
564157
564289
564295
564326
564403
564521
564535
564537
564545
564822
564823
564850
564851
564994
565100
565184
565187
565207
565411
565420
565421
565656
565883
565984
566124
566204
566283
566322
566357
566502
566510
566550
566573
566642
566666
566714
566741
566766
566774
566805
566864
566942
566959
567017
567100
567155
567224
567451
567456
567989
568012
568017
568079
568147
568376
568716
568909
569248
569328
569372
569404
569407
569424
569509
569602
569631
569638
569665
569753
569831
569850
570115
570321
570448
570525
570530
570544
570839
570848
571006
571081
571251
571253
571312
571396
571477
571552
571640
571683
571701
571884
571957
572019
572074
572152
572286
572464
572480
572492
572495
572651
572673
572833
573286
573324
573413
573463
573507
573576
573619
573779
573793
573938
574044
574052
574055
574189
574435
574527
574629
574718
574789
574827
574875
574991
575147
575161
575257
575259
575325
575327
575405
575470
576155
576193
576268
576276
576476
576665
577025
577160
577531
577633
577697
577879
577951
578136
578203
578419
578426
578485
578593
578638
578788
578898
578982
579289
579301
579811
580214
580356
580375
580478
580764
580816
580887
580988
581110
581142
581267
581278
581314
581432
581464
581505
581635
581640
581667
581834
581847
582071
582087
582178
582247
582367
582546
582555
582560
582641
582721
582818
582870
582910
583222
583243
583618
583657
583729
583792
583952
584406
584605
584618
584621
584633
584761
584819
585073
585094
585204
585239
585319
585371
585440
585472
585500
585575
585822
585873
586138
586216
586257
586326
586337
586343
586448
586508
586600
586632
586642
586857
587046
587102
587186
587255
587328
587782
587797
587937
587996
588128
588146
588157
588432
588518
588601
588957
588965
589081
589165
589186
589218
589265
589347
589398
589520
589578
589589
589611
589734
589824
589895
589902
589990
590026
590059
590077
590130
590251
590282
590337
590466
590508
590546
590826
590854
590923
590938
591009
591581
591583
591672
591793
591921
592057
592119
592211
592247
592324
592457
592504
592549
592574
592698
592788
592793
592808
592875
592986
593312
593355
593588
593684
593701
593817
593985
594046
594084
594092
594101
594220
594258
594300
594371
594405
594535
594835
594977
595018
595392
595783
595903
595983
596002
596045
596174
596416
596423
596643
596724
596796
596817
596899
596919
596958
597094
597137
597225
597246
597599
597707
597709
597731
597839
597845
598018
598116
598134
598170
598171
598284
598321
598399
598492
598525
598551
598583
598593
598601
598746
598796
598936
599074
599315
599363
599371
599394
599585
599669
599814
600338
600562
600610
600946
601260
601380
601456
601498
601565
601586
601629
601692
601749
601756
601780
601872
601954
601992
602021
602154
602250
602257
602438
602630
602762
602829
602898
602910
602944
603166
603236
603459
603553
603610
603848
604020
604065
604077
604120
604159
604190
604238
604313
604323
604349
604382
604451
604502
604506
604554
604588
604889
605012
605017
605047
605078
605242
605270
605319
605370
605411
605469
605550
605957
605990
606003
606389
606558
606687
606794
607059
607249
607279
607351
607406
607554
607906
607919
607924
608133
608468
608477
608638
608642
608646
608723
608773
608801
608874
608889
608910
608955
608983
609020
609136
609195
609282
609398
609465
609480
609482
609496
609499
609555
609584
609632
609659
610006
610128
610159
610219
610426
610519
610578
610592
610690
610896
610955
611041
611060
611127
611298
611344
611451
611528
611615
611884
612165
612269
612419
612546
613019
613054
613144
613163
613315
613359
613438
613624
613636
613736
614048
614105
614238
614364
614518
614708
614763
614783
614942
614953
615250
615298
615428
615430
615431
615553
616062
616080
616205
616388
616468
616499
616643
616684
616930
616953
617176
617194
617285
617393
617511
617592
617714
617765
617817
617948
618039
618099
618133
618222
618349
618350
618392
618710
618726
618727
618843
619044
619134
619135
619199
619515
619871
620000
620218
620455
620616
620716
620852
620869
620941
620942
620965
621003
621006
621101
621211
621231
621257
621381
621418
621474
621494
621504
621521
621731
621737
621855
621954
621976
622298
622301
622387
622486
622525
622613
622761
622775
622961
622967
623228
623316
623436
623603
623711
623714
623780
624014
624073
624122
624493
624593
624728
624747
624774
624827
625191
625475
625478
625535
625542
625671
625696
625809
625906
625938
626073
626249
626369
626505
627112
627128
627264
627559
627745
627753
627835
628273
628278
628334
628475
628547
628781
629139
629201
629255
629542
629572
629743
630029
630206
630293
630338
630438
630515
630549
630632
630734
630760
630882
630958
630975
631560
631565
631574
631593
631743
631849
631877
631915
631929
632044
632094
632104
632238
632309
632356
632373
632374
632647
632690
632739
632793
632838
632889
632930
633030
633079
633239
633559
633713
633791
633840
634068
634149
634156
634196
634211
634225
634416
634822
634988
635033
635242
635503
635567
635594
635697
635880
635911
635933
635936
635979
636127
636526
636596
636707
637014
637063
637104
637106
637109
637169
637171
637199
637513
637682
637776
637805
637928
637987
638030
638108
638226
638301
638361
638434
638494
638642
638650
638664
638881
638895
639304
639322
639401
639452
639479
639624
639873
639932
640257
640319
640438
640477
640569
640714
640761
640985
640989
641061
641076
641111
641193
641195
641204
641272
641357
641437
641491
641550
641556
641603
641622
641852
641854
641860
642021
642121
642133
642141
642146
642450
642579
642631
642640
642679
642684
642719
642739
642777
642846
642933
643079
643176
643228
643272
643330
643492
643594
643647
643791
644092
644468
644638
644713
644782
644910
644952
645026
645071
645157
645184
645471
645578
645720
645853
645870
645937
646052
646056
646077
646140
646245
646307
646402
646429
646470
646898
647002
647131
647169
647317
647339
647376
647405
647542
647679
647687
647828
647906
647919
648278
648316
648522
648680
648811
648858
648937
648971
649049
649123
649488
649602
649740
649815
649886
649947
650004
650069
650071
650201
650272
650288
650464
650606
650661
650690
650768
651038
651109
651235
651430
651583
651637
651693
651739
651744
651747
651896
651923
651925
651995
652102
652135
652148
652477
652513
653016
653022
653054
653260
653319
653430
653460
653594
653634
653738
653747
653774
653882
653956
653982
654100
654111
654220
654328
654343
654463
654535
654595
654669
654769
654853
654937
654984
655303
655392
655652
655743
655747
655881
656103
656178
656297
656414
656424
656501
656509
656916
656958
657284
657462
657522
657739
657895
658245
658352
658445
658449
658616
659283
659500
659561
659577
659690
659710
659745
660005
660029
660287
660317
660415
660452
660505
660616
660684
660702
660865
660949
660954
660967
661128
661146
661194
661278
661296
661299
661686
661692
661745
661900
661930
662125
662144
662404
662595
662622
662690
662822
662929
663123
663190
663357
663434
663649
663852
664001
664089
664169
664318
664433
664537
664557
664676
664768
664797
664900
665103
665312
665388
665422
665508
665547
665616
665944
666013
666086
666203
666256
666349
666624
666822
666877
667003
667112
667157
667232
667340
667489
667548
667578
667603
667715
667779
667947
667960
668061
668100
668294
668328
668340
668516
668549
668559
668718
668759
668784
668941
668963
669139
669365
669932
670036
670044
670089
670164
670204
670260
670289
670536
670596
670687
670891
670934
670972
671084
671102
671402
671425
671509
671551
671616
671776
672077
672147
672159
672396
672538
672621
672673
672750
672901
673071
673105
673159
673248
673368
673397
673403
673758
673929
674031
674350
674532
674539
674545
674610
674678
674839
674955
675012
675059
675066
675212
675372
675378
675379
675412
675440
675747
675758
675822
675891
675896
675950
675988
676196
676239
676274
676298
676449
676541
676623
676726
676822
676934
677077
677208
677377
677436
677578
677631
677688
678310
678391
678627
679391
679622
679812
679859
679999
680023
680071
680124
680183
680320
680430
680601
680692
680847
681118
681218
681397
681484
681611
681617
681759
681776
681797
681808
681834
681847
681906
681907
681945
681981
682133
682201
682247
682329
682436
682586
682759
682764
682862
683027
683230
683413
683626
683754
683853
684276
684307
684363
684437
684456
684493
684543
684554
684694
684755
685131
685163
685335
685407
685543
685713
685800
685859
686007
686009
686123
686162
686210
686228
686282
686449
686569
686715
687021
687032
687052
687053
687130
687471
687475
687796
688139
688351
688500
688504
688645
688827
688850
689010
689053
689067
689088
689287
689352
689399
689624
689645
689697
689735
689783
689860
689897
689900
689957
690095
690194
690313
690403
690966
691036
691094
691349
691552
691792
691917
691952
691964
692017
692034
692242
692243
692257
692357
692536
692695
692767
692812
692865
693065
693166
693199
693535
693618
693674
693738
693939
694195
694297
694409
694561
694736
694745
695038
695096
695117
695196
695220
695266
695322
695610
695766
695972
696085
696146
696202
696509
696689
696835
696889
696917
697375
697435
697455
697601
697638
697798
697810
697872
697929
698098
698307
698328
698494
698515
698537
698547
698612
698622
698663
699027
699043
699139
699454
699548
699562
699654
699780
699878
700007
700138
700168
700381
700401
700561
700563
700601
700694
701179
701243
701278
701400
701689
701907
702096
702195
702261
702506
702546
702803
703040
703304
703508
703699
703805
703816
704166
704207
704489
704561
704611
704614
704703
704711
704755
704796
704914
705130
705234
705255
705291
705334
705412
705456
705482
705504
705528
705543
705618
705621
705651
705824
705878
705902
706187
706362
706501
706532
706610
706668
706964
706984
707250
707578
707848
707856
707860
707980
708052
708067
708488
708548
708712
708943
709368
709604
709743
709752
709753
709838
709911
709994
710030
710091
710113
710161
710163
710219
710284
710339
710428
710500
710522
710603
710709
710774
710886
710938
711161
711386
711594
711859
712242
712349
712378
712432
712482
712564
712888
712932
712953
712988
712993
713056
713120
713373
713375
713432
713996
714196
714263
714522
714564
714602
714630
714819
714990
715063
715105
715346
715443
715459
715511
715527
715590
715621
715899
715933
715980
716339
716369
716487
716501
716504
716539
716884
716885
717003
717274
717412
717528
717690
717810
717814
717838
717947
718026
718087
718095
718170
718192
718307
718350
718374
718417
718576
718577
718883
718976
719001
719033
719070
719189
719324
719348
719410
719462
719598
719646
719704
719928
719944
719978
720186
720238
720299
720429
720491
720778
720798
720907
720963
721074
721087
721462
721522
721525
721719
721757
721762
721767
721873
721976
721977
722239
722531
722646
722672
722713
722855
722921
722948
722960
723106
723115
723175
723181
723273
723348
723381
723434
723437
723498
723534
723546
723617
723789
723840
723927
724161
724349
724365
724869
725036
725157
725203
725290
725472
725876
726033
726185
726400
726696
726791
726821
726842
726879
726957
727153
727186
727253
727353
727462
727767
727778
727896
728027
728179
728433
728517
728556
728566
728865
729115
729232
729233
729318
729391
729838
729990
730175
730330
730400
730436
730531
730743
730790
730898
731006
731177
731197
731240
731292
731356
731443
731552
731678
731895
731939
731961
732062
732119
732130
732149
732177
732195
732438
732550
732581
732643
732657
732759
732838
732935
733058
733093
733487
733532
733564
733721
733771
733850
733863
733873
733971
734025
734033
734074
734100
734102
734143
734183
734820
734879
734926
735408
735466
735534
735538
735561
735756
735864
735923
735971
735981
736034
736087
736118
736168
736308
736418
736430
736613
736618
736734
736991
737069
737178
737377
737494
737638
737703
737917
737980
737984
738282
738389
738415
738573
738617
738619
738672
738768
738937
739052
739071
739545
739591
739983
740016
740046
740062
740076
740240
740355
740356
740519
741073
741109
741194
741511
741595
741667
741681
741744
741798
741922
741992
742229
742596
742857
742922
742933
743009
743149
743173
743233
743422
743752
743842
743846
743995
744174
744179
744424
744456
744482
744631
744670
744680
744785
744804
744816
744869
745000
745095
745280
745286
745354
745455
745493
745549
745726
745792
745857
746021
746104
746351
746514
746550
746755
746842
746982
747022
747059
747139
747178
747233
747607
747711
747794
747813
748045
748089
748165
748199
748210
748223
748321
748420
748524
748528
748667
749333
749476
749520
749690
749834
749868
749982
750087
750134
750164
750184
750223
750338
750364
750589
750597
750630
750736
751126
751172
751215
751245
751294
751534
751676
751741
751758
751897
751942
751955
752687
752869
752916
752932
753019
753617
753711
753716
753849
753888
753907
753937
754021
754085
754229
754288
754292
754356
754418
754435
754521
754705
754707
754898
754922
754955
754961
754970
755122
755234
755345
755366
755679
755691
755725
755754
755886
756029
756192
756241
756287
756322
756429
756568
756909
756923
756950
756975
756992
757026
757051
757164
757192
757198
757307
757411
757516
757601
757603
757786
757841
757853
757955
758067
758084
758093
758109
758178
758201
758258
758315
758447
758664
758769
759029
759047
759074
759331
759333
759406
759653
759678
760012
760113
760188
760293
760410
760418
760600
760604
760705
761069
761118
761172
761252
761343
761385
761463
761492
761497
761726
761832
761851
761861
761883
761905
761939
762001
762122
762153
762176
762303
762328
762382
762460
762590
762675
762739
762788
762842
762928
762986
763131
763188
763482
763577
763579
763595
763764
763771
763868
764007
764042
764073
764095
764108
764317
764384
764473
764567
764651
764857
765372
765551
765609
765756
766001
766093
766359
766487
766639
766654
766703
766839
766924
767259
767324
767414
767453
767467
767643
767652
767660
768038
768151
768290
768484
768621
768631
768749
768797
768843
768978
769157
769340
769376
769544
769574
769724
769740
769778
769932
770070
770117
770137
770237
770335
770464
770499
770502
770564
770581
770681
770765
770847
770935
771010
771375
771433
771442
771592
771656
771814
771953
771983
772174
772180
772271
772406
772485
772600
772746
772785
772832
772893
773004
773149
773176
773286
773357
773442
773511
773618
773831
774181
774190
774218
774345
774450
774561
774677
774859
774874
774923
774927
775448
775514
775539
775580
775695
775843
776190
776459
776681
776967
777179
777395
777440
777451
777469
777560
777564
777645
777821
777935
778019
778043
778130
778156
778278
778311
778611
778753
778759
778761
779346
779465
779472
779559
779585
779677
779719
779830
779835
779993
780193
780267
780327
780372
780405
780958
781108
781187
781263
781396
781429
781496
781649
781723
781863
782003
782017
782394
783043
783084
783210
783279
783430
783833
783878
783926
784266
784298
784389
784557
784580
784582
784625
784743
784788
784847
784856
784887
784915
784938
784987
785004
785043
785229
785279
785327
785345
785400
785493
785655
785721
786104
786128
786209
786676
787119
787133
787202
787221
787273
787417
787605
787738
787990
788181
788232
788279
788303
788345
788370
788532
788553
788754
788889
789011
789137
789274
789461
789466
789479
789583
789674
790020
790065
790072
790168
790368
790524
790525
790530
790577
790779
790894
790980
791009
791265
791315
791359
791412
791435
791465
791673
791784
791895
792045
792146
792164
792265
792303
792438
792535
792594
792704
792787
792852
792918
793001
793213
793381
793508
793531
793599
793610
793671
793683
793723
793884
793920
793936
793987
794051
794145
794216
794283
794536
794656
794676
794704
794720
794761
794894
794915
795069
795225
795500
795608
795715
795759
796131
796142
796232
796602
796628
796637
796694
796744
796827
796891
797038
797097
797166
797168
797282
797461
797653
797777
797798
797842
797899
797901
797932
798034
798043
798066
798074
798167
798407
798530
798625
798659
798684
798718
798947
799097
799177
799238
799523
799559
799569
799764
799839
799848
799911
799994
800122
800224
800297
800344
800400
800412
800521
800702
800723
800745
800756
800765
800823
800896
800981
800990
801148
801201
801260
801295
801494
801522
801577
801789
801833
801849
801967
802047
802278
802307
802436
802455
802510
802685
802688
802852
803074
803166
803197
803346
803415
803555
803665
803807
803867
803886
804003
804052
804089
804296
804319
804410
804434
804448
804505
804578
804855
804951
804954
805029
805258
805322
805431
805543
805667
805738
805782
805848
806045
806082
806173
806182
806279
806333
806489
806575
806604
806793
806800
806937
807025
807190
807226
807390
807484
807618
807727
807865
808048
808053
808063
808333
808369
808423
808424
808663
808783
808950
809094
809273
809559
809605
809648
809653
809838
809923
809967
810010
810123
810131
810245
810267
810295
810366
810390
810417
810482
810886
810957
810974
811042
811093
811193
811272
811281
811517
811644
811652
811662
811838
811967
812053
812092
812248
812438
812663
812771
812804
812861
812931
813052
813301
813377
813457
813479
813775
813833
813896
813957
813968
814014
814101
814127
814216
814236
814493
814510
814684
814802
814807
814895
815122
815218
815302
815460
815499
815541
815570
815837
815874
815896
816024
816224
816282
816420
816449
816517
816568
816579
816621
816983
817034
817049
817075
817138
817183
817238
817351
817387
817502
817515
817663
817843
818029
818088
818122
818205
818395
818638
818686
818711
818758
818821
818838
819306
819388
819408
819446
819458
819601
819639
819709
819781
820214
820308
820503
820523
820641
820665
820671
820783
820807
820946
820966
821033
821092
821171
821180
821642
821669
821984
822292
822299
822342
822345
822577
822981
823009
823012
823126
823728
823757
823877
824072
824138
824182
824211
824302
824306
824327
824351
824476
824489
824501
824532
824557
824648
824679
824790
824804
824816
824834
824874
825164
825262
825286
825495
825578
825627
825649
825737
825770
825781
826284
826293
826365
826392
826439
826540
826620
826688
826735
826780
826845
826866
826880
826911
826980
827275
827354
827415
827578
827583
827664
827669
827678
827882
827898
828212
828708
829230
829819
829926
829952
830241
830305
830599
830686
830693
830716
830787
830933
831004
831190
831227
831301
831505
831521
831533
831662
831680
831776
831796
831961
832052
832147
832207
832267
832483
832558
832632
832722
832965
833078
833081
833468
833493
833740
833849
833923
834042
834091
834125
834218
834282
834307
834400
834535
834574
834632
834786
834807
834927
835019
835183
835414
835466
835497
835664
835676
835695
836061
836123
836324
836434
836445
836556
836557
836645
836911
836931
836954
837219
837253
837434
837855
838015
838041
838065
838068
838118
838120
838636
838645
838774
838934
839000
839027
839028
839047
839059
839195
839367
839474
839506
839520
839524
839560
839623
839655
840053
840080
840136
840290
840335
840437
840543
840572
841141
841249
841286
841713
841870
841874
841884
841971
842059
842137
842360
842376
842417
842491
842498
842503
842567
842570
842575
843034
843169
843269
843341
843424
843465
843726
843774
843882
844028
844127
844171
844242
844605
844736
844763
844843
844858
844863
844992
845130
845440
845561
845569
845603
845632
845649
846053
846061
846122
846167
846187
846300
846672
846725
846754
846774
846777
846910
846978
847017
847083
847279
847389
847514
847630
847662
847717
847723
847773
847966
848003
848005
848089
848207
848290
848308
848428
848476
848531
848596
848676
848722
848748
848761
848876
849089
849236
849339
849347
849400
849456
849608
849630
850002
850038
850092
850141
850152
850246
850334
850440
850457
850482
850517
850519
850600
850644
850744
850783
850841
850846
850848
850886
850935
850956
851197
851237
851348
851514
851746
851830
851960
851967
852027
852060
852297
852392
852541
852546
852730
852779
852860
852926
853016
853142
853220
853391
853454
853472
853886
854029
854179
854250
854258
854288
854367
854407
854447
854767
854853
855077
855237
855272
855362
855411
855457
855482
855488
855505
855529
855606
856069
856128
856139
856319
856435
856466
856602
856922
856932
857294
857382
857439
857591
857698
857749
857790
857863
857886
857940
858079
858225
858272
858292
858398
858446
858556
858651
858679
858710
858726
858811
858840
859030
859056
859265
859381
859632
859784
859802
859815
860111
860169
860357
860359
860521
860674
860698
860749
860818
860834
860847
860985
861050
861174
861231
861289
861292
861497
861587
861595
861636
861717
861728
861767
861986
862095
862496
862790
862822
862828
862993
863349
863756
863870
864021
864101
864110
864141
864199
864267
864276
864423
864520
864557
864617
864747
864809
864823
864953
865022
865251
865266
865522
865722
865752
865953
865985
866023
866045
866100
866171
866264
866275
866412
866439
866513
866543
866575
866958
867027
867050
867059
867187
867258
867274
867397
867520
867656
867765
867866
867881
868012
868100
868165
868210
868364
868438
868523
868624
868692
868771
869027
869150
869158
869226
869568
869615
869805
869851
869958
869972
870020
870044
870076
870097
870166
870224
870419
870511
870635
870730
870771
871137
871140
871151
871159
871286
871458
871492
871733
871779
871839
871976
872002
872028
872067
872114
872172
872233
872306
872521
872565
872596
872734
873041
873102
873159
873160
873168
873192
873201
873288
873317
873322
873532
873719
873728
874072
874239
874264
874476
874570
874767
874881
875069
875218
875238
875294
875298
875308
875525
875598
875605
875861
875900
876159
876225
876240
876257
876284
876518
876537
876618
876719
876720
876812
876889
876962
877204
877306
877319
877501
877578
877589
878054
878145
878174
878227
878229
878266
878965
879070
879104
879228
879316
879357
879399
879613
879715
879716
879732
879864
879944
879990
880014
880060
880073
880187
880223
880261
880357
880458
880473
880620
880658
880699
880760
880779
880810
880894
880910
881020
881075
881313
881331
881495
881553
881725
881800
882111
882175
882348
882409
882440
882560
882738
882749
882854
882877
882880
883155
883235
883247
883386
883461
883507
883510
883637
883644
883794
883800
883991
884067
884100
884407
884475
884497
884839
885028
885179
885372
885552
885564
885874
886205
886328
886365
886444
886452
886499
886558
886585
886655
886775
886966
886970
887025
887045
887049
887148
887287
887293
887301
887341
887377
887447
887717
887760
887860
887956
888070
888311
888386
888440
888489
888503
888535
888546
888560
889085
889160
889496
889572
889582
889727
889733
889735
889800
889911
890040
890460
890491
890537
890683
890718
890918
890933
890987
891005
891066
891100
891292
891295
891408
891553
891613
891761
891893
891939
891968
892002
892064
892147
892306
892480
892610
892613
892640
892680
892887
892917
892942
892950
892951
893269
893314
893365
893529
893532
893550
893682
893719
893725
893754
893782
893818
893853
893860
893889
893903
894107
894287
894435
894720
894864
894880
895043
895212
895233
895319
895463
895476
895587
895630
895651
895665
895765
895925
895964
896378
896397
896449
896481
896602
896729
896802
896831
896877
896986
897037
897184
897289
897529
897677
897738
897806
898278
898323
898361
898485
898498
898542
898588
898619
898653
898702
898849
899007
899074
899252
899639
899645
899661
899892
900040
900089
900121
900169
900201
900211
900575
900665
900782
900814
900843
900880
901065
901128
901161
901263
901269
901370
901685
901776
901868
901872
901908
902245
902280
902454
902590
902743
902753
902838
903296
903313
903340
903452
903702
903966
903989
904025
904078
904113
904422
904466
904497
904593
904600
904713
904717
904721
904771
904845
904951
904977
905269
905363
905461
905736
905741
905756
905804
905849
905960
906049
906135
906390
906407
906475
906596
906622
906637
906703
906738
906807
906992
907131
907188
907190
907373
907463
907596
907682
907709
907728
907748
907776
907777
907871
907888
907893
908086
908106
908198
908243
908260
908291
908356
908579
908679
908809
908980
909075
909110
909138
909372
909544
909615
909617
909626
909645
909690
909720
909794
909841
910026
910036
910098
910120
910250
910259
910276
910295
910377
910577
910845
910860
910940
910995
911036
911055
911330
911434
911660
911691
911768
911830
911967
912195
912392
912536
912757
912768
912816
912910
913003
913271
913300
913530
914048
914134
914251
914311
914315
914316
914362
914382
914654
914688
915274
915278
915511
915687
915806
915907
915990
915995
916124
916295
916429
916466
916544
916622
916783
916871
916889
916927
917016
917154
917221
917645
917734
918055
918233
918243
918319
918494
918608
918618
918645
918660
918855
918862
918918
919095
919114
919166
919240
919294
919376
919432
919473
919658
919665
919716
919799
919816
919819
919855
919909
920162
920179
920369
920376
920595
920836
920851
920882
920921
921030
921043
921212
921359
921532
921568
921587
921591
921678
921736
921738
921783
921823
921893
921979
922142
922177
922265
922309
922380
922407
922544
922560
922573
922637
922753
922939
923003
923020
923106
923183
923498
923627
923757
923862
923991
924037
924044
924160
924285
924329
924484
924486
924579
924701
924853
924943
925017
925117
925164
925355
925426
925649
925811
925944
925978
926224
926250
926541
926545
926587
926631
926648
926688
926717
926925
927026
927083
927211
927216
927284
927340
927368
927519
927525
927555
927990
928008
928077
928199
928246
928289
928320
928376
928420
928510
928668
928719
928862
929138
929214
929222
929350
929372
929414
929446
929600
929684
929749
929750
929860
930029
930052
930179
930280
930315
930409
930498
930583
930610
930673
930781
930815
930864
930988
931030
931038
931097
931198
931199
931358
931525
931549
931594
931806
932078
932165
932192
932401
932608
932709
932766
932948
932995
933083
933210
933284
933455
933496
933515
933637
933737
933759
933796
933834
934044
934074
934160
934195
934209
934352
934620
934633
934655
934708
934766
934781
935039
935340
935342
935456
935602
935625
935632
935701
935708
935739
935742
935881
936128
936243
936474
936487
936691
936816
936831
936832
936920
937160
937179
937362
937528
937689
937789
937804
937841
937908
938091
938102
938169
938324
938369
938414
938563
938610
938617
938754
938954
938991
938993
939019
939217
939242
939384
939442
939523
939546
939696
939706
939900
940003
940012
940085
940096
940147
940371
940397
940540
940541
940634
940710
940800
941021
941133
941182
941355
941602
941682
941970
942039
942075
942230
942256
942404
942455
942540
942608
942621
942633
942725
942950
943033
943034
943051
943052
943118
943330
943465
943516
943723
943724
943894
943923
944006
944121
944399
944433
944566
944611
944656
944676
944688
944689
944766
944841
944942
944975
945089
945208
945254
945313
945498
945523
945550
945567
945617
945681
945799
945934
946151
946299
946495
946557
946720
946987
947096
947126
947445
947497
947534
947570
947730
947737
947823
947859
947891
948156
948187
948335
948378
948410
948577
948594
948596
948818
948861
949111
949181
949209
949383
949417
949441
949850
949903
949922
949935
950208
950300
950308
950399
950421
950451
950599
950756
950823
950927
950940
951356
951357
951444
951490
951575
951622
951650
951741
951787
952003
952112
952222
952391
952433
952484
952508
952548
952663
952675
952776
952802
953001
953009
953082
953142
953313
953386
953464
953550
953556
953593
953681
953699
953700
953783
954035
954074
954086
954226
954228
954252
954347
954360
954372
954383
954585
955233
955379
955481
955636
955667
955698
955715
955772
955855
955906
956162
956383
956684
956692
956700
956732
956800
956939
957079
957107
957178
957182
957404
957587
957741
957842
957845
958002
958046
958139
958207
958243
958274
958679
958716
959067
959188
959206
959370
959439
959473
959527
959694
959707
959806
959807
959962
960287
960377
960435
960565
960606
960624
960752
960865
960994
961147
961170
961188
961313
961358
961403
961483
961506
961585
961838
961870
962116
962140
962189
962559
962640
962787
962880
962895
962915
962952
962990
963274
963354
963520
963544
963622
963654
963667
963830
963881
963947
964041
964053
964073
964082
964231
964240
964249
964278
964321
964381
964457
964582
964587
964642
964783
964824
964885
964989
964991
965002
965081
965263
965336
965351
965368
965585
965668
965756
965767
965891
965932
966028
966035
966069
966345
966457
966472
966533
966799
966838
966995
967193
967329
967386
967484
967519
967596
967599
967655
967892
967935
968009
968046
968121
968171
968179
968181
968509
968605
968664
968702
968745
969244
969321
969326
969354
969530
969543
969566
969639
969745
969822
970088
970183
970479
970489
970593
970621
970705
970711
970744
970830
970873
970920
971094
971102
971273
971295
971384
971617
971653
971655
971694
971781
971886
971954
971957
972040
972255
972257
972295
972373
972399
972495
972519
972688
972777
972795
972804
972981
973130
973306
973319
973340
973362
973401
973418
973549
973559
973745
973754
973755
973864
974248
974333
974349
974991
975066
975092
975109
975149
975274
975284
975380
975577
975763
976003
976027
976048
976061
976085
976091
976113
976238
976348
976378
976441
976534
976642
976668
976722
976740
976766
976788
976797
976814
976922
976933
977008
977069
977233
977264
977316
977450
977500
977576
977596
977641
977666
977845
977923
978025
978101
978874
978890
979150
979353
979503
979632
979815
979841
979854
979881
980071
980211
980243
980425
980458
980679
980765
980789
980796
980869
980874
981478
981539
981607
981619
981723
981860
981906
981982
982004
982107
982227
982285
982293
982358
982454
982845
982877
983009
983039
983084
983141
983185
983286
983389
983455
983579
983697
983698
983721
983834
983840
983893
983914
983945
983955
983991
984123
984133
984185
984206
984242
984335
984425
984460
984620
984840
984876
984999
985157
985259
985362
985392
985528
985850
985860
985948
985953
985979
986018
986170
986359
986398
986449
986475
986521
986649
986722
987063
987185
987342
987550
987680
987769
987915
988099
988181
988182
988189
988336
988407
988422
988432
988448
988479
988553
988558
988663
988813
988895
988902
989003
989173
989372
989595
989637
989825
989875
990078
990230
990262
990286
990489
990609
990710
990813
990865
991006
991054
991075
991079
991124
991131
991333
991449
991471
991589
991643
991648
991649
991785
991856
991950
992001
992154
992198
992339
992473
992499
992542
992699
992742
992865
992898
993027
993028
993324
993355
993362
993366
993368
993382
993484
993540
993593
994402
994529
994573
994715
994748
995201
995208
995416
995418
995462
995486
995565
995810
995818
995821
995967
996330
996378
996449
996484
996558
996748
996881
996919
997034
997157
997166
997245
997299
997567
997596
997772
997896
997937
997961
997963
998082
998153
998187
998474
998481
998522
998532
998591
998622
998638
998709
998879
999139
999300
999310
999601
999609
999630
999631
999700
999728
999809
999833
