19
58
742
839
870
1062
1195
1376
1409
1486
1597
1680
1751
1772
1830
1874
1946
1950
2100
2187
2306
2312
2330
2478
2559
2642
2670
2810
3279
3295
3559
3590
3627
3784
3835
3849
4222
4288
4525
4559
4656
4733
4758
4910
5020
5076
5110
5139
5179
5536
5768
5769
5775
5846
5943
6025
6047
6099
6202
6231
6331
6444
6469
6778
6798
6812
6833
6941
6953
6962
7008
7087
7287
7290
7376
7555
7717
7780
7788
7952
8002
8124
8152
8273
8391
8408
8626
8629
8680
8837
8872
8938
9014
9026
9083
9135
9157
9189
9248
9269
9293
9324
9369
9504
9543
9556
9622
9672
9738
9802
10068
10241
10455
10512
10516
10517
10553
10593
10645
10787
10809
11101
11328
11339
11398
12079
12214
12255
12580
12587
12681
12820
12845
13177
13223
13284
13619
13824
13951
13985
14265
14317
14381
14386
14391
14438
14467
14670
14795
15183
15251
15273
15345
15410
15592
15596
15623
15657
15659
16166
16480
16635
16670
16701
16806
16824
17017
17137
17140
17142
17292
17307
17310
17382
17419
17515
17641
17648
17664
17749
17751
17927
18016
18213
18365
18489
18499
18613
18667
18682
18917
19021
19132
19165
19212
19233
19290
19305
19384
19495
19664
19802
19912
20038
20056
20258
20312
20381
20405
20420
20450
20606
20622
20707
20795
20811
20905
21054
21059
21398
21499
21525
21820
21956
22062
22164
22264
22291
22632
22726
22881
23019
23068
23109
23121
23181
23212
23316
23342
23383
23404
23594
23620
23651
23752
23885
24076
24182
24235
24299
24423
24490
24539
24668
24677
24722
24776
24846
24858
25065
25114
25227
25395
25567
25644
25800
25801
25922
26068
26144
26158
26162
26199
26245
26280
26301
26330
26403
26508
26541
26657
26719
26738
26858
26925
26945
27069
27122
27307
27453
27679
27706
27786
27861
27965
28170
28448
28696
28753
29007
29166
29207
29570
29600
29646
29647
29679
29778
29830
30066
30125
30304
30318
30343
30802
30819
31042
31083
31281
31287
31438
31563
31592
31728
31857
31880
32004
32007
32182
32386
32429
32589
32596
32659
32897
32908
32922
32980
33045
33083
33099
33200
33322
33340
33501
33502
33585
33675
33942
33999
34055
34112
34171
34370
34643
34657
34662
34725
34767
34800
34848
34861
34879
35074
35170
35276
35290
35327
35360
35497
35507
35534
35671
35688
35773
35900
35911
35961
36294
36352
36561
36626
36715
36772
36906
36916
36944
37169
37212
37227
37255
37345
37565
37811
37906
38047
38234
38270
38511
38533
39066
39136
39259
39291
39335
39442
39493
39537
39550
39564
39583
39630
39818
40000
40056
40272
40275
40289
40358
40696
40737
40783
40965
41099
41260
41318
41464
41501
41838
42010
42106
42153
42157
42184
42261
42441
42556
42600
42641
42673
42967
43094
43120
43195
43332
43463
43509
43588
43692
43693
43706
43736
44004
44034
44040
44189
44218
44257
44287
44501
44534
44762
44881
44946
45117
45166
45180
45341
45358
45364
45572
45647
45669
45693
45707
45961
46070
46126
46176
46191
46220
46308
46354
46445
46541
46606
46667
46669
46671
46706
46839
46866
47002
47014
47040
47406
47615
47794
48039
48114
48359
48483
48509
48516
48535
48603
48994
49043
49095
49631
49644
49895
50312
50680
50707
50844
51029
51095
51189
51284
51382
51445
51478
51861
51863
51901
51978
51995
52001
52068
52086
52202
52345
52358
52481
52510
52530
52803
52885
52942
52986
53054
53056
53081
53209
53305
53310
53467
53579
53811
53954
53977
54027
54172
54182
54458
54486
54537
54723
54748
54787
54824
54983
55067
55455
55469
55630
55662
55885
55915
55969
56392
56533
56905
56923
56935
56942
57129
57163
57223
57229
57276
57298
57396
57410
57454
57542
57686
57774
57784
57884
57996
58053
58076
58084
58150
58184
58216
58240
58363
58370
58516
58633
58641
58667
58859
58908
58954
59012
59057
59107
59167
59353
59543
59591
59813
59950
60153
60211
60246
60343
60561
60594
60623
60637
60638
60684
61127
61136
61331
61442
61569
61619
61659
61980
62143
62162
62248
62393
62404
62411
62500
62573
62624
62684
62786
63308
63386
63401
63468
63500
63534
63692
63723
63743
63826
64067
64193
64194
64312
64313
64365
64483
64550
64573
64623
64703
64954
65106
65152
65165
65193
65233
65359
65441
65491
65534
65587
65902
65930
65935
66174
66235
66236
66284
66329
66433
66649
66661
66728
66768
66830
66874
66988
67055
67094
67302
67466
67510
67581
67719
67939
68031
68054
68215
68312
68347
68409
68535
68652
68782
68815
69005
69103
69112
69135
69146
69224
69471
69556
69557
69657
69813
70329
70338
70490
70543
70703
70796
71045
71219
71293
71314
71342
71593
71618
71781
71785
71808
71843
72072
72076
72089
72092
72146
72207
72219
72330
72403
72424
72471
72507
72630
72806
72819
72914
72990
73198
73247
73277
73447
73473
73532
73589
73738
73802
74038
74082
74086
74247
74338
74427
74474
74509
74592
74608
74631
74650
74708
74898
74987
75170
75174
75207
75323
75360
75539
75617
75719
75839
75847
75976
76388
76505
76571
76718
76727
76780
76835
76844
76890
76912
76921
76934
76935
77068
77101
77221
77399
77402
77407
77425
77533
77597
77710
77764
77775
77807
77891
77967
78004
78026
78227
78341
78461
78695
78822
78986
78992
79182
79192
79324
79380
79468
79530
79609
79666
79815
79907
79947
80049
80084
80172
80199
80225
80236
80302
80304
80333
80410
80686
80791
80827
80920
80960
81008
81080
81086
81469
81607
81611
81895
81986
81992
82011
82262
82477
82560
82602
82638
82805
82985
83013
83045
83323
83413
83562
83778
83789
84167
84238
84250
84339
84494
84538
84661
84767
84792
85050
85055
85110
85232
85233
85328
85384
85503
85694
86231
86308
86357
86394
86441
86502
86655
86715
86742
86852
86942
87366
87564
87624
87639
87647
87729
87835
87912
87968
88039
88064
88319
88345
88498
88645
88726
88817
88942
89076
89127
89156
89339
89354
89372
89420
89507
89592
89656
89706
89798
89894
89895
90154
90160
90551
90587
90638
90678
90852
90860
91096
91197
91394
91514
91678
91681
91720
92030
92090
92497
92544
92583
92584
92597
92618
92661
92699
92768
92780
92817
92881
92932
93038
93187
93204
93250
93331
93555
93626
93780
93879
93923
93951
94007
94068
94104
94174
94220
94301
94398
94524
94651
94837
95053
95111
95359
95408
95413
95430
95433
95449
95556
95640
95683
95768
95779
95892
96032
96057
96083
96200
96318
96347
96367
96451
96681
96808
96956
96992
97000
97083
97129
97157
97276
97296
97335
97792
97865
98099
98387
98460
98476
98478
98480
98516
98540
98579
98635
98688
98711
98767
98825
98831
99269
99309
99818
99854
100051
100319
100323
100389
100428
100460
100692
100869
101051
101205
101212
101221
101327
101675
101809
102001
102043
102272
102302
102449
102475
102680
102738
102827
102871
102954
102975
103081
103103
103124
103134
103188
103228
103444
103888
104335
104423
104425
104514
104649
104795
104817
104856
104923
104931
105068
105165
105459
105511
105531
105547
105626
105632
105666
105760
105871
106096
106133
106264
106309
106457
106480
106649
106670
106736
106798
106879
107111
107206
107326
107477
107537
107637
107731
107975
108104
108139
108280
108301
108405
108514
108517
108522
108575
108771
108838
108972
109029
109078
109327
109442
109468
109497
109547
109687
109788
109987
109989
110067
110309
110319
110392
110397
110515
110580
110733
110944
111047
111237
111261
111373
111514
111523
111546
111639
111728
111784
111826
111960
112089
112198
112202
112245
112362
112385
112417
112421
112455
112553
112590
112915
113023
113138
113176
113204
113335
113362
113374
113553
113611
113682
113781
113957
114013
114072
114096
114151
114239
114283
114342
114477
114607
114701
114788
114861
115030
115303
115322
115325
115629
115811
115847
115988
116011
116150
116162
116212
116251
116259
116314
116387
116459
116563
116676
116897
116935
117029
117154
117312
117565
117607
117651
117784
118018
118313
118330
118625
119362
120393
120398
120514
120691
120765
120991
121011
121026
121120
121156
121173
121228
121377
121400
121424
121532
121664
121772
121780
121817
121939
122001
122207
122299
122354
122480
122682
122756
122768
122821
122831
122893
122907
123022
123031
123091
123259
123626
123903
124063
124139
124166
124260
124346
124382
124426
124543
124635
124748
124793
124870
124927
124969
125066
125075
125144
125200
125278
125359
125515
125609
125633
125651
125759
125854
126083
126168
126454
126559
126623
126794
126914
127572
127581
127683
127694
127789
128074
128137
128306
128358
128556
128790
128945
129076
129085
129107
129110
129282
129461
129624
129802
129885
129950
129976
130022
130119
130679
130736
131026
131496
131553
131732
131887
131933
132096
132106
132189
132231
132414
132695
132701
132710
132774
132836
133372
133455
133526
133624
133730
133938
133972
133973
134020
134659
134769
134787
134819
134902
135123
135250
135419
135436
135455
135491
135589
135590
135633
135865
135939
136011
136118
136140
136202
136273
136282
136288
136453
136470
136541
136623
136715
136867
136870
136878
136962
137177
137272
137473
137731
137738
137770
137927
138045
138073
138163
138260
138370
138521
138522
138550
138809
138897
138950
138985
139019
139078
139233
139410
139945
140074
140111
140132
140228
140256
140315
140324
140425
140492
140590
140763
140771
140869
140950
141152
141329
141715
142007
142062
142280
142419
142916
142944
142983
143046
143198
143359
143410
143906
144126
144155
144334
144345
144419
144479
144532
144656
144843
144848
144867
144978
145050
145064
145120
145127
145321
145644
145659
145665
145668
145749
145769
145795
145799
145876
145936
145946
146299
146391
146441
146662
146866
146927
147016
147158
147162
147274
147358
147838
147910
148039
148073
148155
148175
148354
148419
148451
148512
148543
148571
148600
148700
148764
148847
148887
149002
149058
149143
149189
149222
149622
149628
149784
149787
150030
150036
150064
150133
150437
150457
150542
150544
150557
150573
150575
150669
150683
150703
150824
150875
150938
150976
151149
151284
151444
151456
151655
151664
151686
151725
151737
152076
152107
152182
152209
152425
152472
152483
152730
152791
152849
152926
153035
153051
153334
153493
153513
153515
153696
153832
153860
153969
154133
154256
154364
154379
154387
154569
154570
154645
154745
154787
154818
154901
154953
155173
155213
155219
155353
155406
155495
155510
155562
155581
155687
155857
156111
156134
156175
156421
156453
156519
156542
156574
156714
156931
157103
157148
157164
157208
157219
157239
157300
157485
157844
157855
157925
158382
158575
158718
158987
159085
159143
159176
159214
159474
159549
159604
159774
159860
160017
160021
160115
160242
160520
160573
160764
160863
160932
161081
161098
161149
161228
161265
161429
161478
161537
161554
161698
161897
161953
161985
162156
162163
162187
162236
162245
162431
162537
162615
162696
162748
162794
162820
162993
163120
163172
163179
163193
163255
163280
163372
163606
163624
163686
163702
163768
163819
163976
164225
164227
164513
164791
164828
164846
164850
165013
165034
165053
165079
165121
165482
165488
165708
165816
165877
165949
166153
166363
166395
166461
166512
166530
166534
166769
166820
167112
167227
167314
167327
167361
167463
167710
167737
167793
167934
167943
167968
168081
168090
168109
168122
168450
168527
168576
168710
168809
169107
169187
169293
169300
169473
169551
169713
170169
170203
170212
170269
170374
170521
170598
170805
170831
170937
171445
171446
171479
171486
171492
171562
171709
171804
172077
172133
172194
172293
172346
172350
172743
172844
172876
172939
173160
173194
173521
173670
173673
173678
173871
174020
174027
174066
174151
174243
174469
174543
174649
174650
174669
174959
175137
175289
175447
175491
175532
175593
175663
175728
175798
176067
176192
176341
176342
176481
176613
176735
176774
176809
176844
176866
177010
177040
177179
177196
177265
177276
177297
177488
177555
177666
177719
177825
177918
177954
177967
178039
178134
178203
178271
178561
178651
178868
179020
179028
179061
179435
179543
179652
179770
179922
179943
180308
180418
180464
180597
180683
180708
180761
180965
181155
181171
181483
181573
181641
181774
181902
181987
182135
182382
182424
182446
182794
182958
183150
183195
183258
183321
183431
183514
183531
183544
183777
183788
183974
184001
184059
184297
184329
184486
184557
184590
184597
184599
184613
184697
184783
184829
184908
184925
185297
185587
185599
185729
185932
186016
186139
186302
186344
186519
186542
186700
186776
186870
186994
187036
187063
187207
187243
187324
187332
187408
187476
187700
187805
187807
188053
188182
188188
188524
188534
188745
188815
188948
189010
189065
189182
189437
189551
189719
189945
190154
190155
190199
190398
190466
190919
190934
190994
191275
191400
191419
191512
191679
191778
192114
192156
192904
192956
192992
192996
193023
193116
193162
193222
193292
193385
193483
193521
193709
194003
194331
194610
194675
194777
195090
195149
195374
195415
195647
195673
196122
196134
196194
196270
196347
196389
196407
196448
196708
196736
196746
196753
196781
196810
196883
197038
197090
197178
197387
197426
197500
197642
197897
197907
197948
198190
198216
198279
198290
198340
198473
198604
198769
198777
198807
198874
198963
199071
199274
199299
199447
199494
199510
199569
199613
199619
199945
200107
200256
200309
200322
200330
200575
200778
200927
201167
201297
201525
201594
201747
201945
201946
201999
202247
202434
202437
202465
202693
202770
202886
203088
203186
203333
203472
203716
203724
203822
203881
203989
204157
204191
204218
204316
204330
204605
204914
204973
205000
205310
205407
205408
205639
205704
205714
205719
205748
205771
205881
205967
206000
206112
206290
206349
206470
206557
206634
206651
206808
207019
207386
207426
207482
207494
207584
207666
207853
207879
207910
208000
208062
208099
208191
208247
208397
208462
208561
208657
208719
208781
208977
209209
209304
209335
209419
209424
209481
209593
209655
209897
209968
210003
210129
210167
210175
210253
210353
210391
210458
210503
210703
210882
211009
211064
211139
211205
211272
211415
211626
211650
211687
211735
211864
211871
211899
211929
212022
212229
212249
212271
212297
212441
212465
212532
212684
212686
212769
212823
212856
212901
212955
212979
213063
213166
213248
213279
213292
213295
213309
213395
213486
213499
213544
213650
213682
213832
213916
213966
213992
214073
214135
214161
214396
214491
214952
215051
215129
215288
215319
215603
215612
215704
215752
215795
216094
216202
216292
216394
216515
216607
216644
216707
216722
216724
216739
216760
216955
216958
217063
217112
217340
217372
217623
217771
217810
217974
217982
217984
218046
218050
218066
218071
218115
218121
218136
218201
218203
218231
218375
218413
218519
218624
218658
218671
218685
218696
218756
218772
218943
219012
219146
219176
219332
219501
219899
220274
220374
220426
220427
220486
220556
220619
220724
220890
220983
220998
221057
221094
221236
221360
221394
221401
221466
221500
221543
221557
221585
221671
221708
221724
221765
221768
221847
221891
222048
222144
222257
222293
222695
222729
223068
223146
223310
223386
223632
223953
224039
224156
224326
224359
224660
224746
224826
225042
225059
225150
225256
225258
225357
225826
225848
226030
226431
226566
226569
226909
227147
227199
227253
227293
227562
227606
227672
227687
227702
227727
227904
227938
228035
228175
228217
228242
228261
228478
228485
228505
228529
228580
228723
228841
228898
229066
229277
229363
229413
229621
229741
229836
229887
229903
230109
230397
230456
230474
230479
230506
230568
230631
230678
230786
230950
230999
231119
231164
231185
231274
231344
231380
231588
231622
231675
231726
231873
231938
232224
232232
232336
232435
232477
232549
232560
232583
233007
233444
233451
233454
233469
233488
233767
234007
234311
234423
234433
234552
234611
234676
234843
234878
234916
235070
235076
235118
235219
235261
235371
235894
235923
236376
236397
236494
236543
236564
236704
236949
237155
237224
237232
237264
237490
237526
237615
237677
237812
237830
237988
238095
238162
238463
238533
238557
238620
238672
238872
238987
239044
239115
239151
239186
239302
239351
239508
239672
239831
239925
239949
240097
240431
240480
240805
240809
240959
241044
241066
241457
241488
241539
241622
241955
242023
242031
242223
242317
242382
242458
242492
242619
243204
243343
243370
243381
243440
243507
243513
243657
243788
243940
243945
244034
244113
244192
244285
244368
244500
244849
244854
244881
245006
245320
245603
245604
245628
245657
245773
245802
245804
245970
246203
246222
246233
246240
246343
246734
246847
246893
246912
247074
247137
247243
247422
247452
247548
247623
247722
247770
247961
247984
248161
248211
248274
248309
248379
248400
248447
248455
248508
248723
248766
248902
249083
249122
249133
249215
249261
249385
249542
249563
249574
249808
249963
250014
250147
250219
250330
250358
250460
250909
250965
250981
251001
251035
251131
251144
251378
251475
251502
251582
251609
251647
251779
251812
251876
251962
251998
252028
252230
252247
252249
252342
252349
252438
252447
252456
252486
252491
252519
252601
252612
252791
252895
252919
253006
253421
253588
253711
253811
253907
253920
254137
254163
254184
254520
254673
254948
255051
255084
255141
255361
255438
255492
255595
255650
255659
255695
255757
255928
255989
255994
256232
256236
256259
256295
256394
256452
256631
256701
256709
257236
257911
257969
258108
258357
258381
258716
258828
258883
258967
258984
258985
259038
259270
259376
259450
259474
259541
259543
259601
259623
259655
259670
259707
259811
259886
259901
260301
260307
260348
260384
260479
260512
260524
260538
260550
260572
260585
260796
260843
260891
260975
261105
261266
261332
261367
261466
261954
262108
262148
262293
262346
262436
262471
262520
262526
262541
262566
262589
262707
262771
262807
262980
263209
263360
263518
263546
263579
263670
264007
264201
264414
264479
264665
264672
264689
264739
264905
264968
265017
265227
265260
265284
265316
265378
265513
265762
265853
266004
266086
266105
266108
266198
266324
266450
266510
266666
266694
266769
266857
266924
266960
267034
267108
267375
267401
267633
267639
267792
267815
267859
267935
268061
268182
268380
268390
268553
268556
268620
268673
268836
268875
268979
269114
269170
269402
269804
269917
270306
270513
270619
270773
270777
270859
270871
270922
270999
271063
271142
271261
271310
271339
271555
271739
271826
271922
271932
271976
271989
271990
272111
272151
272193
272235
272243
272247
272260
272712
272773
273075
273186
273328
273376
273606
273829
273925
273958
274278
274414
274471
274473
274598
274713
274791
274810
275199
275293
275327
275639
275815
275819
276109
276342
276408
276518
276639
276652
276776
276826
276850
276963
277073
277116
277241
277294
277335
277363
277391
277409
277446
277467
277532
277664
277944
277959
278074
278206
278239
278285
278289
278460
278489
278548
278594
278625
278639
278756
279091
279126
279140
279185
279205
279258
279265
279328
279546
279587
279627
279712
279758
279833
279920
279974
279987
280044
280110
280258
280303
280321
280325
280545
280641
280747
280784
280829
280922
280923
281232
281247
281338
281358
281373
281425
281495
281528
281671
281872
281875
281987
282030
282034
282098
282244
282286
282310
282357
282514
282645
282881
282943
283000
283253
283264
283366
283597
283671
283840
283939
284039
284040
284388
284640
284659
284721
284839
284890
284947
284992
285038
285048
285098
285236
285240
285308
285739
286048
286058
286120
286305
286508
286857
286863
286971
287024
287052
287230
287275
287279
287414
287594
287740
288115
288645
288846
288906
289005
289011
289093
289189
289212
289260
289280
289469
289506
289508
289579
289713
289910
289983
289985
289989
290105
290258
290559
290730
290828
290946
291023
291027
291057
291083
291111
291150
291170
291336
291348
291416
291495
291537
291676
291725
291805
292042
292045
292076
292163
292184
292382
292685
292688
292707
292730
292774
292816
292849
292939
293048
293067
293084
293190
293203
293345
293483
293677
293687
293732
293773
293847
293900
293996
294032
294124
294370
294395
294501
294566
294713
294803
295209
295224
295268
295658
295793
295826
295919
295961
296017
296302
296422
296610
296686
296912
297053
297191
297221
297272
297486
297534
297815
297823
297850
297881
297908
297931
298053
298271
298328
298356
298368
298377
298401
298495
298553
298619
298711
298725
298733
298969
299003
299057
299058
299338
299490
299545
299552
299565
299634
299674
299730
299781
299870
299933
300200
300413
300674
300997
301034
301147
301178
301292
301346
301372
301560
301722
301870
301905
301925
302177
302239
302243
302419
302670
302761
302787
302893
302986
303043
303047
303155
303192
303298
303395
303542
303602
303742
303988
304082
304110
304289
304406
304491
304492
304524
304783
304805
304812
304870
304928
305090
305179
305229
305338
305699
305721
305858
306012
306093
306100
306213
306313
306337
306344
306432
306464
306562
306675
306711
306963
307009
307324
307466
307547
307563
307700
307888
308140
308181
308393
308474
308700
308738
308785
308877
308881
308986
309139
309153
309263
309346
309362
309381
309715
309844
310028
310041
310066
310093
310104
310116
310120
310128
310154
310183
310217
310248
310284
310315
310346
310351
310421
310440
310663
310666
310699
310732
310780
310781
310789
310914
311061
311122
311145
311387
311591
311600
311736
311865
311923
311997
312095
312162
312255
312323
312408
312504
312516
312546
312590
312913
313031
313107
313133
313248
313393
313532
313816
313913
314011
314125
314549
314577
314639
314746
314859
314955
314958
315010
315104
315305
315435
315442
315464
315507
315588
315733
315767
315853
315883
315923
315935
316195
316321
316356
316386
316419
316556
316768
316915
316952
316982
317217
317304
317317
317379
317506
317599
317612
317684
317721
317835
317944
317962
318193
318208
318277
318377
318486
318651
318738
318962
319027
319134
319152
319202
319366
319425
319446
319586
319678
319798
320025
320376
320468
320488
320851
320976
321018
321118
321332
321623
321721
321770
321927
322169
322349
322373
322479
322768
323063
323132
323219
323510
323655
323804
324008
324201
324208
324275
324300
324456
324488
324583
324649
324891
324928
325039
325057
325184
325208
325381
325504
325722
326156
326202
326376
326398
326431
326465
326523
326537
326572
326596
326773
326876
326958
326985
327065
327091
327101
327134
327336
327393
327455
327461
327485
327522
327529
327534
327790
328011
328029
328049
328061
328299
328316
328422
328426
328429
328548
328790
328858
329077
329234
329290
329382
329550
329670
329751
329842
329857
330025
330051
330133
330491
330588
330632
330714
330944
331080
331097
331298
331424
331537
331586
331801
331824
331968
332007
332034
332130
332157
332280
332282
332373
332711
332730
332871
332915
333089
333457
333628
333656
333763
333793
333989
334116
334191
334225
334232
334312
334582
334586
334609
334638
334676
334687
334740
334748
334966
334994
335217
335220
335264
335299
335339
335366
335544
335805
335951
336098
336134
336287
336389
336589
336591
336630
336730
336872
336873
337103
337153
337261
337348
337475
337540
337651
337682
337724
337732
337798
337816
337866
337902
338386
338420
338532
338568
338608
338615
338640
338902
338904
339132
339231
339372
339551
339672
339802
339864
340029
340120
340128
340140
340246
340374
340496
340500
340646
340649
340802
340894
341038
341049
341058
341068
341151
341288
341399
341566
341698
341904
342054
342167
342185
342390
342580
342756
342759
342882
343144
343195
343264
343344
343394
343412
343425
343463
343591
343620
343708
343968
343991
344170
344249
344270
344326
344398
344525
344546
344580
344618
344686
344733
344911
344921
345010
345020
345026
345074
345344
345492
345499
345508
345532
345549
345733
345843
345930
346116
346178
346290
346365
346417
346573
346606
346613
346638
346698
346787
346898
346968
347002
347159
347306
347431
347440
347573
347725
348145
348343
348457
348473
348934
349026
349219
349239
349256
349276
349496
349542
349584
349607
349706
349710
349824
350222
350244
350369
350388
350496
350561
350673
350690
350703
351050
351076
351191
351212
351220
351334
351515
351783
351838
351841
352019
352046
352084
352277
352351
352372
352515
352901
353432
353452
353652
353695
353730
353900
353948
353981
354036
354426
354554
354557
354573
354596
354599
354651
354709
355199
355202
355409
355454
355556
355561
355629
355775
355818
355835
355872
355901
355923
355988
355993
356048
356166
356306
356427
356489
356590
356623
356656
356768
356888
356993
357013
357164
357225
357239
357291
357301
357423
357478
357583
357586
357684
357749
357806
357854
358216
358218
358375
358505
358828
358830
358878
358912
359132
359371
359377
359461
359512
359922
359967
360012
360050
360126
360137
360152
360194
360292
360437
360532
360544
360693
360715
361027
361056
361092
361272
361492
361525
361546
361951
362093
362104
362145
362151
362159
362635
362647
362687
362704
362805
362954
363059
363390
363482
363693
363699
363710
363825
364062
364083
364198
364572
364745
364757
365037
365177
365196
365431
365538
365965
366139
366173
366182
366184
366224
366275
366501
366593
366691
366751
366784
366868
366957
367168
367176
367254
367542
367785
367886
367965
368000
368067
368069
368136
368202
368295
368412
368539
368569
368571
368643
368854
368861
368884
369026
369203
369310
369394
369491
369584
369627
369785
369797
369929
369958
369976
370073
370208
370309
370314
370580
370635
370697
370756
370986
371098
371232
371324
371650
372105
372255
372321
372463
372772
372842
372979
373082
373171
373221
373233
373368
373382
373411
373502
373711
373776
373850
373908
373914
373922
374372
374466
374779
374836
374883
374962
374994
375027
375042
375128
375149
375287
375290
375291
375549
375693
375875
375991
376054
376164
376381
376552
376687
376701
376794
376872
377047
377328
377417
377485
377636
377691
377836
378000
378119
378236
378298
378351
378437
378521
378531
378743
379091
379106
379367
379383
379451
379626
380167
380275
380280
380323
380453
380480
380503
380552
380565
380615
380717
380789
380875
380891
380895
380968
381064
381141
381179
381237
381238
381250
381325
381344
381389
381569
381584
381715
381986
382320
382321
382352
382411
382498
382508
382729
382791
382875
383009
383191
383197
383458
383508
383513
383680
383775
383999
384003
384068
384069
384115
384161
384215
384364
384368
384458
384481
384701
384797
384830
384913
385008
385248
385259
385275
385313
385322
385476
385663
385685
385855
385876
386070
386135
386321
386396
386513
386553
386709
386824
386832
386842
386860
387013
387165
387234
387293
387400
387419
387701
387802
387932
387969
388075
388091
388132
388138
388333
388371
388512
388913
388977
389009
389049
389194
389541
389566
389618
389691
390043
390082
390110
390237
390277
390299
390306
390349
390397
390473
390523
390671
390680
390681
390710
390725
391335
391452
391497
391512
391659
391949
392111
392129
392275
392369
392381
392406
392458
392537
392568
392660
392794
393035
393048
393376
393395
393436
393516
393618
393701
393734
393767
393794
393935
393992
394148
394403
394697
394808
394855
394861
394889
394896
395042
395076
395083
395109
395220
395366
395421
395559
395736
395793
395900
396136
396223
396258
396407
396465
396509
396571
396703
396704
396716
396763
396936
397014
397052
397163
397548
397723
397931
397940
398008
398156
398215
398269
398285
398497
398556
398568
398625
398781
399104
399129
399155
399411
399446
399472
399677
399684
400041
400135
400242
400543
400580
400895
400908
400979
401029
401071
401172
401186
401235
401265
401288
401289
401295
401850
401865
401940
401977
402046
402127
402218
402275
402353
402463
402524
402538
402694
402695
402778
402890
402991
403122
403212
403570
403711
403809
403863
403954
404023
404036
404071
404099
404196
404276
404343
404650
404807
404832
404932
405065
405129
405134
405136
405184
405243
405350
405367
405452
405789
406262
406319
406324
406410
406489
406522
406668
406752
406769
406988
407067
407095
407391
407464
407514
407650
407736
407826
407878
408148
408354
408403
408585
408724
408769
408879
409165
409221
409227
409257
409305
409344
409360
409446
409549
409611
409664
409677
409876
410243
410362
410366
410398
410455
410653
410676
410705
410976
411097
411214
411292
411399
411473
411557
411577
411698
411774
411802
412193
412434
412534
412653
412690
412766
412801
412899
412954
413078
413164
413273
413310
413420
413609
413624
413731
413751
413753
413799
413810
413929
414409
414584
414691
414725
414805
414852
414860
414970
415085
415144
415214
415257
415260
415282
415301
415644
415663
415776
415828
415927
416035
416393
416419
416468
416478
416804
416882
416906
416909
416939
416961
417017
417022
417134
417560
417575
417699
417813
418001
418173
418195
418221
418255
418260
418488
418514
418619
418682
418814
418856
418867
419012
419129
419146
419184
419243
419297
419435
419572
419598
419877
419905
420248
420438
420637
420832
420887
420982
421091
421203
421289
421515
421538
421571
421596
421608
421773
422062
422200
422444
422457
422463
422589
422600
422831
422942
422943
422972
423127
423211
423277
423344
423356
423634
423662
423710
423850
423886
424105
424133
424439
424603
424645
424721
424822
424890
425010
425034
425379
425420
425460
425486
425750
425808
425881
425893
426193
426250
426253
426362
426666
426758
426847
426980
426988
427062
427290
427336
427348
427356
427379
427420
427426
427487
427648
427657
427907
428037
428052
428099
428183
428202
428417
428644
428862
428937
429207
429319
429362
429399
429431
429584
429619
429659
429977
430087
430207
430266
430280
430458
430499
430570
430576
430843
430906
431051
431070
431185
431188
431435
431454
431479
431650
431660
431666
431691
431730
431791
431927
431958
432162
432208
432407
432517
432583
432648
433029
433118
433241
433355
433363
433400
433459
433589
433611
433614
433615
433765
433950
434020
434022
434111
434195
434248
434379
434441
434486
434814
434961
435015
435169
435175
435210
435283
435470
435478
435490
435514
435515
435684
435700
435779
436020
436123
436140
436162
436194
436292
436300
436475
436514
436532
436621
436745
436771
436789
436823
437066
437153
437221
437336
437337
437344
437390
437426
437532
437650
437734
437822
437909
438005
438143
438183
438187
438196
438244
438304
438365
438375
438389
438568
438607
438651
438750
438826
438907
438961
439022
439064
439097
439466
439486
439568
439572
439603
439825
439860
439945
440074
440083
440106
440219
440607
440610
440710
440727
440797
440949
441003
441118
441166
441168
441206
441636
442031
442086
442197
442220
442234
442374
442577
442663
442742
442829
442898
443326
443401
443581
443813
443908
443930
444033
444298
444348
444897
444902
444933
445011
445037
445193
445220
445328
445354
445425
445577
445589
445681
445787
445892
445905
445925
446120
446152
446343
446383
446465
446610
446611
446724
446790
446810
447060
447105
447142
447272
447366
447369
447458
447524
447528
447784
447863
448076
448078
448171
448411
448481
448811
449138
449170
449258
449377
449469
449588
449618
449630
449896
449948
449968
450013
450034
450522
450592
450620
450801
451128
451166
451341
451509
451705
451707
451840
451842
451866
451886
452097
452116
452136
452347
452596
453002
453205
453207
453259
453532
453705
453953
453998
454102
454184
454387
454400
454439
454545
454621
454686
454741
454944
455088
455188
455229
455641
455669
455767
455972
455990
456002
456015
456057
456256
456479
456673
456723
456762
456842
457076
457239
457264
457288
457328
457444
457456
457535
457540
457652
457903
457989
458174
458296
458328
458359
458475
458492
458708
458904
459006
459116
459223
459292
459317
459322
459323
459635
459643
460017
460084
460110
460260
460451
460651
460746
460988
461099
461213
461319
461326
461331
461372
461428
461435
461558
461711
461741
461828
462110
462124
462157
462236
462288
462409
462658
462676
463042
463062
463064
463092
463281
463329
463411
463472
463591
463699
463735
463755
463766
464014
464162
464175
464281
464312
464387
464477
464526
464675
464834
464857
464871
464920
464991
465056
465245
465287
465368
465375
465394
465412
465541
465580
465616
465623
465647
465655
465909
466002
466054
466072
466155
466348
466404
466483
466487
466510
466639
466643
466875
466956
466971
467051
467113
467133
467211
467608
467705
467816
467854
467925
467960
468020
468281
468288
468360
468390
468498
468521
468528
468660
468692
468906
468930
468950
468954
468959
468980
469104
469110
469277
469313
469412
469588
469837
469912
470249
470447
470470
470476
470510
470557
470585
470623
470802
470818
470920
471004
471027
471087
471187
471356
471412
471445
471474
471529
471533
471748
471803
471869
472073
472159
472189
472311
472380
472386
472431
472565
472567
472624
472694
472885
472916
472975
473001
473005
473162
473191
473256
473418
473427
473433
473489
473512
473569
473642
473645
473702
473708
474045
474242
474534
474887
475052
475070
475182
475204
475217
475336
475345
475359
475394
475443
475484
475689
475825
475881
475929
475989
476005
476081
476293
476388
476499
476778
476967
477062
477176
477209
477285
477301
477383
477442
477500
477976
478058
478116
478262
478389
478396
478446
478556
478602
478676
478714
478715
478763
478865
478907
478950
478997
479177
479298
479537
479594
480035
480231
480343
480362
480378
480547
480570
480636
480640
480894
480990
481170
481222
481541
481598
481657
481888
481895
481960
481975
482104
482132
482232
482278
482316
482431
482494
482518
482519
482606
482644
482684
482758
482823
482844
482914
483009
483126
483184
483384
483398
483520
483534
483602
483712
483838
483840
483880
483945
483991
484003
484080
484116
484176
484214
484228
484484
484527
484600
484635
484636
484643
484703
484727
484732
484789
484941
484984
485316
485328
485407
485421
485503
485790
485867
486067
486142
486229
486304
486335
486440
486580
486796
486908
487204
487241
487380
487436
487739
487830
487848
487876
487943
488018
488026
488109
488241
488303
488353
488574
488620
488751
488783
488837
488889
489295
489394
489451
489468
489472
489598
489696
489723
489734
489952
490001
490012
490409
490459
490498
490528
490644
490659
490728
490827
491094
491119
491416
491447
491603
491619
491743
491797
492476
492760
493117
493144
493354
493390
493410
493446
493471
493569
493649
493860
494017
494175
494208
494332
494968
495064
495216
495222
495498
495583
495616
495778
495880
496013
496136
496636
496662
496751
496784
496864
496874
496936
497021
497061
497115
497284
497307
497423
497428
497454
497527
497555
497722
497736
497776
497897
498034
498061
498246
498272
498320
498360
498372
498723
498724
498753
498842
499096
499101
499110
499230
499264
499276
499349
499365
499760
499803
499859
499967
500037
500050
500084
500255
500325
500350
500461
500550
500555
500566
500572
500613
500635
500866
500906
500967
501044
501056
501182
501235
501339
501496
501590
501660
501764
501766
501875
502036
502128
502171
502365
502429
502620
502672
502724
502963
503341
503539
503554
503601
503615
503659
503787
504128
504349
504522
504629
504724
504832
504871
505080
505113
505244
505281
505941
505947
506127
506166
506233
506323
506457
506532
506546
506570
506575
506613
506623
506638
506643
506814
506847
506934
506983
507211
507269
507447
507507
507552
507628
507653
507656
507807
507811
508121
508129
508652
508757
508957
508988
509487
509543
509590
509634
509718
509909
509933
509965
509982
510011
510024
510086
510106
510185
510198
510253
510325
510409
510451
510499
510707
510814
510959
510989
511005
511124
511162
511173
511201
511231
511321
511779
511853
511981
512137
512150
512582
512814
513050
513065
513352
513390
513411
513609
513686
513871
513988
514161
514165
514539
514561
514658
514683
514822
514863
515031
515139
515221
515285
515316
515347
515434
515590
515635
515642
515779
515834
515903
515905
515913
515999
516140
516179
516196
516318
516421
516628
516805
517086
517793
517837
517904
517940
517978
518130
518276
518681
518766
518923
519160
519177
519283
519296
519332
519362
519418
519423
519593
519878
519926
519943
519977
520000
520034
520185
520294
520370
520380
520386
520479
520552
520555
520558
520630
520658
520730
520811
520844
520932
520990
521126
521144
521178
521206
521341
521368
521511
521543
521595
521734
521864
521939
521942
522226
522241
522311
522351
522412
522536
523198
523632
523720
523820
523879
524057
524093
524234
524453
524610
524618
524641
524686
524699
524726
524758
524811
524844
524928
525175
525199
525326
525342
525376
525402
525679
525690
526186
526229
526429
526474
526599
526785
526836
526870
526873
526900
527102
527391
527519
527726
527749
527802
527877
527928
527997
528072
528133
528305
528372
528744
528818
529068
529111
529112
529183
529198
529227
529318
529324
529353
529556
529668
529685
529802
529807
529911
530133
530172
530214
530293
530313
530318
530404
530475
530751
530851
530932
530985
531035
531317
531408
531477
531499
531608
531798
531921
531958
531977
532081
532170
532288
532312
532408
532542
532567
532599
532732
532925
532991
533212
533638
533754
533769
533792
533806
533836
534058
534196
534352
534489
534596
534640
534719
534813
534848
534895
535010
535030
535499
535546
535716
535769
535879
535910
536062
536110
536542
536676
536680
536700
536709
536750
536816
536831
536906
537061
537148
537150
537207
537245
537351
537444
537500
537530
537614
537673
537728
537800
537852
538034
538489
538604
538759
538894
539003
539049
539124
539125
539392
539431
539464
539469
539628
539630
539852
539977
540131
540385
540423
540500
540537
540615
540672
540749
540778
540978
540996
541055
541141
541272
541377
541492
541562
541584
541616
541635
541651
541720
541741
541762
541861
541961
542003
542138
542321
542507
542759
542802
543007
543062
543065
543077
543260
543275
543324
543458
543525
543619
543712
543773
543950
544040
544045
544101
544201
544205
544348
544356
544556
544680
544712
544781
544995
545050
545323
545469
545530
545589
545674
545695
545748
545862
545879
546222
546452
546680
546735
546756
546822
546867
546934
547003
547159
547171
547359
547412
547550
547676
547903
547995
548010
548161
548280
548526
548768
548793
548838
548842
548875
549165
549226
549227
549383
549403
549439
549513
549543
549570
549630
549868
550351
550705
550790
550924
551352
551363
551378
551499
551530
551546
551913
552018
552063
552430
552432
552464
552711
552776
552906
553028
553085
553093
553114
553262
553330
553405
553422
553469
553580
553618
553701
553759
553857
553910
553930
554012
554026
554052
554074
554137
554177
554290
554291
554327
554355
554411
554426
554778
554788
554980
555092
555104
555212
555532
555548
555601
555773
555795
555893
555993
556142
556668
556728
556939
556966
557035
557052
557131
557137
557257
557271
557363
557578
557721
557910
557911
557998
558156
558239
558275
558335
558695
558880
558967
558987
559036
559286
559293
559298
559519
559749
559766
559843
559856
559882
560015
560055
560080
560139
560167
560248
560311
560411
560450
560524
560763
560901
560939
561039
561061
561224
561266
561322
561472
561508
561637
561638
561709
561837
561851
561861
561913
562083
562090
562242
562379
562382
562389
562422
562520
562565
562575
562587
562831
562935
562995
563194
563232
563503
563614
563792
563804
563898
563963
564002
564094
564436
564682
564891
564948
565030
565481
565557
565808
565842
565925
566055
566096
566357
566587
566624
566665
566687
566764
566833
566891
566923
566969
567056
567095
567237
567359
567619
567659
567747
567850
568076
568096
568151
568391
568433
568552
568594
568680
568832
568866
568911
568937
568947
569062
569066
569135
569155
569166
569228
569333
569390
569610
569626
569744
570069
570121
570242
570250
570321
570423
570505
570535
570543
570660
570830
570845
570988
571012
571052
571124
571156
571243
571374
571433
571813
571922
571985
572012
572085
572445
572686
572839
572880
572907
572921
573198
573447
573489
573520
573634
573740
573769
573830
573949
574032
574168
574327
574395
574439
574826
574946
575074
575138
575186
575483
575507
575615
575667
575675
575760
575769
575776
575853
575908
576009
576040
576046
576139
576506
576563
576742
576778
576835
576896
577090
577108
577113
577192
577434
577525
577987
578018
578036
578086
578111
578210
578232
578503
578663
578780
578904
578986
579103
579125
579498
579578
579598
579975
579985
579998
580080
580194
580348
580526
580544
580591
580695
580697
580719
580824
580928
581101
581302
581318
581377
581580
581667
581726
581868
581910
582353
582554
582906
582998
583096
583177
583362
583412
583572
583698
583727
583802
583904
583906
583946
584042
584053
584277
584313
584538
584617
584863
584908
584935
584957
585000
585043
585045
585078
585102
585128
585157
585306
585321
585338
585596
585678
585704
585744
585760
585775
585829
586017
586075
586089
586142
586239
586406
586424
586432
586444
586458
586473
586508
586553
586669
586972
587005
587139
587181
587247
587282
587323
587349
587441
587702
587826
587837
587907
587957
587988
588060
588110
588152
588226
588371
588793
588846
588970
589044
589633
589819
589880
589906
590034
590082
590181
590221
590353
590558
590666
590828
590980
591352
591431
591906
592043
592166
592260
592261
592360
592471
592475
592519
592563
592688
592864
592869
592938
593092
593132
593207
593217
593240
593522
593626
593655
593720
593722
593897
594086
594110
594658
594883
595196
595272
595505
595578
595608
595654
595684
595816
595866
595966
595967
596050
596304
596316
596403
596406
596450
596622
596648
596734
596905
596934
597072
597194
597242
597245
597253
597323
597470
597555
597743
597764
597949
598373
598482
598618
598815
598947
598962
599090
599108
599279
599560
599567
599576
599625
599651
599652
599746
599777
599808
599817
599878
600010
600013
600062
600139
600214
600519
600584
600760
600970
601153
601154
601214
601274
601290
601788
602128
602139
602166
602347
602407
602426
602499
602641
602714
602846
602887
602900
602935
603007
603013
603132
603343
603407
603637
603685
603700
603713
603728
603808
603873
604001
604110
604155
604262
604304
604343
604372
604431
604548
605055
605233
605244
605248
605286
605383
605385
605499
605637
605885
605980
605993
606050
606107
606210
606594
606683
606720
607038
607044
607149
607176
607245
607351
607359
607491
607650
607653
608073
608097
608147
608209
608288
608355
608533
608554
608567
608576
608590
608619
608792
609042
609166
609181
609305
609433
609434
609593
609749
609939
609949
610428
610519
610737
610793
610971
611029
611078
611079
611140
611186
611209
611284
611332
611460
611470
611527
611665
611685
611748
611987
612004
612083
612217
612635
612882
612908
612938
612967
613014
613119
613332
613335
613403
613404
613442
613528
613843
613980
614117
614276
614340
614488
614657
614763
614895
614901
614961
615189
615232
615323
615415
615499
615636
615763
615806
615815
615865
616157
616423
616626
616707
616752
616778
616876
617157
617197
617243
617414
617434
617494
617495
617516
617526
617540
617582
617641
617736
618317
618353
618629
618688
618891
618948
619447
619779
619836
620239
620379
620502
620635
620748
620833
620925
620941
621234
621314
621551
621607
621914
621950
621954
622340
622694
622735
622790
622797
622910
622912
623025
623035
623181
623425
623621
623721
623846
624006
624046
624153
624253
624431
624438
624475
624718
624783
624959
625047
625112
625170
625334
625343
625420
625504
625515
625600
625814
626100
626101
626119
626181
626430
626454
626697
626872
626988
627223
627290
627405
627481
627628
627692
627797
627864
627916
627920
627966
628133
628136
628198
628269
628293
628327
628380
628573
628687
628741
628790
628816
628843
628985
629011
629027
629030
629210
629375
629557
629584
629626
629634
629933
630108
630245
630257
630274
630435
630477
630649
630812
630867
631051
631240
631248
631649
631741
631854
631879
632025
632063
632505
632509
632645
632925
632940
632959
633156
633185
633258
633399
633419
633438
633459
633565
633605
633664
633731
634076
634177
634211
634224
634520
634645
634784
634834
634939
634946
634957
634982
635064
635134
635405
635670
635723
635845
635968
635991
636035
636050
636177
636218
636272
636791
637080
637144
637253
637406
637539
637674
637775
637883
637950
638027
638049
638082
638138
638168
638262
638268
638284
638293
638369
638456
638511
638538
638581
638643
638973
639015
639019
639053
639063
639088
639241
639273
639448
639451
639546
639688
639750
639901
640075
640123
640196
640198
640265
640288
640291
640298
640320
640381
640416
640430
640499
640516
640606
640636
640766
641015
641109
641297
641309
641313
641511
641567
641663
641889
641993
642073
642160
642388
642457
642484
642509
642706
642798
642844
642879
642900
643169
643179
643280
643307
643373
643636
643672
643786
643795
643841
643885
643991
644043
644089
644297
644383
644391
644506
644509
644562
644565
644627
644630
644673
644864
644950
645180
645330
645565
645591
645602
645710
645716
645835
646154
646231
646310
646332
646373
646375
646476
646486
647111
647278
647321
647590
647725
647781
647826
647863
647969
648025
648092
648105
648208
648219
648348
648369
648447
648573
648610
648936
649049
649110
649295
649353
649485
649916
649976
650185
650327
650408
650457
650633
650681
650810
650835
650888
650924
650931
651067
651215
651235
651271
651301
651310
651355
651430
651463
651543
651567
651700
651738
651928
651977
652060
652082
652168
652188
652228
652403
652470
652785
652894
653011
653012
653100
653187
653196
653280
653319
653339
653340
653486
653499
653590
653696
653722
653895
653912
653944
654041
654144
654361
654485
654590
655028
655078
655090
655358
655378
655496
655663
655673
655698
655719
655982
656136
656255
656370
656435
656461
656490
656711
656798
656947
657274
657289
657546
657823
657851
657855
657907
657914
658067
658317
658383
658501
658621
658664
658702
659101
659175
659262
659622
659746
659927
660080
660142
660188
660241
660306
660488
660489
660716
660786
660882
661036
661121
661350
661385
661480
661545
661648
661696
661724
662019
662051
662114
662135
662273
662336
662424
662725
663077
663163
663272
663381
663435
663468
663519
663562
663730
663786
663818
663835
664125
664274
664419
664455
664700
664752
664858
664971
665282
665300
665661
665734
665891
666001
666048
666135
666340
666414
666541
666672
666701
666766
666828
667116
667244
667385
667494
667548
667570
667639
667667
667745
667815
667846
667942
667954
668033
668034
668120
668402
668411
668478
668531
668553
668683
668763
668875
668917
669038
669134
669230
669333
669373
669475
669537
669651
669740
669965
669997
670052
670110
670216
670236
670659
670766
670886
670915
670973
671021
671073
671145
671284
671420
671528
671635
671652
671844
671878
672104
672120
672158
672336
672457
672507
672595
672655
672790
672835
672993
673120
673125
673131
673303
673402
673449
673600
673700
673765
673978
673988
674132
674174
674175
674262
674273
674411
674435
675026
675029
675102
675250
675475
675495
675783
675844
675887
675956
676233
676267
676417
676506
676771
676874
677158
677210
677211
677239
677305
677595
677796
678084
678114
678245
678281
678406
678413
678414
678476
678515
678518
678528
678686
678692
678907
679054
679144
679343
679360
679440
679475
679525
679592
679638
679745
680020
680035
680211
680218
680279
680365
680437
680625
680685
680719
680841
680993
681065
681580
681775
682183
682205
682353
682380
682485
682633
682705
683035
683308
683636
683772
684005
684072
684129
684144
684187
684298
684314
684414
684446
684541
684631
684736
684816
685018
685251
685291
685460
686044
686160
686231
686350
686515
686524
686574
686820
686933
687016
687235
687619
687621
687717
687755
687972
688112
688121
688129
688157
688255
688275
688334
688385
688504
688514
688631
688711
688730
688765
688794
688940
688978
689129
689215
689275
689322
689423
689569
689698
689797
689916
690078
690242
690284
690361
690384
690536
690545
690767
690796
690844
690989
691136
691154
691448
691817
691828
691914
691923
691936
692093
692183
692204
692236
692513
692611
692682
692766
692776
692943
693006
693133
693144
693212
693308
693377
693412
693477
693580
693735
693821
694259
694859
694910
694924
695055
695123
695262
695317
695356
695358
695375
695445
695486
695596
695648
695684
695806
695899
696214
696520
696591
696921
697446
697635
697639
697655
697743
697828
698092
698191
698235
698364
698469
698473
698611
698667
698888
698927
698929
699069
699089
699173
699354
699554
699570
699580
699683
699743
699775
699786
699938
700026
700276
700646
700743
700804
700834
700950
700959
700978
701017
701198
701420
701451
701682
701736
701881
701899
701909
701996
702133
702307
702386
702407
702687
702763
702893
702919
702934
702938
702960
703011
703126
703304
703327
703403
703407
703494
703508
703555
703628
703789
703867
703994
704171
704327
704335
704359
704398
704503
704505
704510
704633
704730
705156
705174
705352
705395
705461
705511
705563
705575
705730
706154
706165
706267
706278
706416
706535
706560
706620
706634
706684
706687
706690
706741
706743
706957
707051
707115
707160
707397
707405
707424
707472
707474
707613
707949
708106
708107
708358
708392
708412
708435
708782
708857
708885
709016
709018
709063
709080
709198
709237
709254
709275
709358
709462
709616
709645
709646
709688
709694
709782
710008
710011
710073
710078
710089
710212
710393
710592
710665
710774
710784
710915
710927
710948
711030
711060
711094
711438
711720
711741
711771
711863
711988
712162
712262
712310
712323
712538
712636
712731
712756
712891
712923
713056
713161
713232
713314
713383
713468
713607
713872
713952
714220
714250
714305
714321
714574
714597
714636
714666
714766
714803
714951
714990
715046
715101
715290
715368
715474
715475
715671
715679
715711
715992
716311
716529
716606
716887
716952
717007
717085
717149
717225
717434
717621
717851
717889
717905
717913
717975
718078
718146
718231
718333
718423
718519
718557
718627
718881
719068
719096
719450
719526
719557
719626
719683
719698
719914
720030
720064
720112
720288
720478
720546
720553
720606
720897
720993
721041
721069
721292
721570
721637
721730
721756
721801
721857
721862
721906
722176
722187
722204
722317
722415
722470
722501
722686
722817
722871
722882
722889
722912
722975
723082
723158
723233
723262
723269
723349
723418
723553
723641
723684
723765
723797
723801
723901
723945
723998
724002
724111
724112
724154
724158
724193
724556
724700
724763
724990
725136
725178
725304
725336
725361
725460
725606
725651
725892
726131
726386
726436
726484
726599
726648
726699
726916
726979
726987
727032
727383
727432
727450
727526
727554
727579
727689
727705
727940
728029
728043
728306
728457
728499
728617
728664
728699
728871
728890
728920
729165
729682
729776
729984
730055
730078
730128
730181
730258
730322
730351
730437
730450
730516
730591
730669
730790
730998
731102
731129
731131
731147
731157
731224
731807
731843
731846
731856
731911
732229
732387
732538
732573
732614
732820
732860
732989
733058
733218
733297
733382
733412
733441
733535
733577
733598
733632
733667
733851
733875
734257
734386
734471
734552
734793
734799
734821
735065
735076
735108
735123
735246
735269
735364
735424
735653
735794
736017
736037
736116
736146
736216
736228
736263
736474
736541
737215
737258
737266
737285
737290
737302
737308
737408
737480
737712
737743
737773
737817
737853
737855
737978
738033
738131
738152
738171
738206
738386
738391
738398
738522
738675
738699
738741
738743
738831
739025
739212
739354
739527
739640
739663
739729
739860
739944
739984
739994
740071
740112
740155
740287
740345
740358
740376
740419
740738
740905
741159
741381
741413
741573
741576
741632
741684
741809
741907
741926
742018
742039
742052
742134
742454
742472
742481
742547
742579
742790
742801
742806
743006
743025
743144
743241
743312
743375
743470
743572
743717
743798
743839
743909
744004
744061
744151
744283
744421
744430
744782
744888
744893
745139
745277
745295
745413
745421
745461
745512
745520
745575
745612
745769
746170
746352
746517
746523
746699
746897
746927
746980
746987
747070
747306
747388
747437
747488
747532
747543
747660
747707
747740
747757
747787
748057
748163
748263
748374
748529
748579
748580
748601
748667
748905
748928
748942
748987
749014
749179
749222
749240
749393
749537
749572
749630
749635
749960
750028
750056
750483
750635
750646
750708
750751
750776
750813
750940
751102
751447
751732
751848
752147
752227
752382
752409
752489
752605
752611
752628
752640
752739
752746
752835
752977
753061
753112
753190
753245
753261
753304
753432
753597
753624
753817
753938
754218
754270
754293
754378
754452
754527
754583
754706
754800
754837
754922
755063
755168
755251
755357
755374
755429
755554
755558
755619
755819
755879
755969
755981
756037
756051
756183
756210
756232
756296
756401
756730
756781
756941
757214
757215
757290
757377
757592
757640
757651
757699
757737
757768
757770
757784
757881
758073
758086
758134
758267
758293
758298
758305
758573
758788
758792
758943
759027
759052
759193
759247
759290
759489
759562
759664
759704
759764
759861
760084
760135
760164
760202
760268
760403
760579
760745
760897
760945
760979
761153
761279
761369
761588
761873
761944
762005
762460
762468
762514
762521
762535
762735
762860
762877
762901
763083
763105
763297
763312
763452
763537
763562
763616
763731
764046
764071
764305
764539
764581
764649
764954
764992
765017
765146
765147
765149
765222
765617
765753
765804
765812
765813
765879
765978
766026
766174
766277
766406
766425
766463
766474
766845
766870
766920
766976
767051
767218
767220
767308
767322
767416
767461
767474
767487
767553
767570
767692
767711
767748
767862
768239
768403
768516
768643
768882
768984
769225
769283
769429
769493
769538
769561
769565
769930
770020
770033
770171
770211
770223
770399
770546
770572
770640
770727
770968
771056
771137
771189
771200
771212
771270
771327
771404
771458
771472
771836
771904
771908
771995
772014
772074
772383
772571
772624
772729
772789
772799
772924
772990
773119
773474
773542
773756
773760
773773
773960
774228
774304
774434
774592
774633
774818
774834
774966
774987
775022
775081
775131
775220
775247
775287
775331
775358
775401
775536
775714
775766
775776
775793
775939
775940
775953
775998
776144
776241
776246
776311
776561
776836
776885
776905
777000
777126
777174
777208
777302
777359
777385
777721
777733
777869
778045
778138
778216
778370
778526
778663
778788
778835
779448
779656
779783
779800
780007
780247
780393
780412
780428
780452
780546
780558
780732
780809
780876
780905
780910
781157
781270
781313
781402
781624
781706
781713
781987
782008
782089
782149
782162
782197
782358
782536
782572
783003
783097
783192
783216
783644
783647
783760
783767
783819
783862
783892
784121
784212
784277
784472
784539
784567
784703
784711
784872
784912
784998
785014
785041
785342
785347
785355
785379
785443
785531
785532
785771
785991
786044
786059
786105
786140
786152
786162
786170
786181
786213
786264
786362
786419
786714
786734
786814
786910
786952
787037
787096
787098
787601
787761
787902
787911
787926
788154
788189
788262
788330
788645
788672
788685
788713
788887
788920
788948
789036
789071
789183
789270
789429
789517
789536
789692
789781
789850
789872
789914
790176
790249
790333
790599
790731
790870
791378
791432
791455
791637
791768
792166
792290
792597
792598
792617
792675
792679
792928
792945
793271
793396
793642
793812
793852
793937
793989
794018
794044
794176
794393
794504
794619
794625
794783
795149
795197
795224
795242
795269
795355
795539
795648
795732
795991
796159
796330
796475
796496
796569
796754
796894
796896
796926
796980
796999
797021
797141
797179
797281
797284
797303
797369
797461
797675
797709
797901
797970
798051
798053
798106
798247
798322
798488
798497
798515
798603
798706
798818
799044
799064
799230
799303
799544
799634
799654
799664
799759
799784
799917
799928
800086
800207
800212
800233
800255
800331
800479
800977
801179
801200
801314
801327
801540
801580
801589
801864
801886
801897
802204
802293
802425
802429
802512
802726
802771
802974
803123
803372
803518
803611
803625
803666
803702
803725
803744
803772
803783
803897
803996
804044
804062
804083
804208
804217
804276
804327
804392
804566
804766
804825
805085
805275
805441
805563
805684
805697
805717
805751
805758
805816
805846
805862
805901
806004
806026
806184
806243
806369
806404
806443
806456
806584
806599
806613
806625
806629
806636
806689
806757
806799
806885
806906
806912
806976
807034
807057
807069
807157
807209
807295
807365
807473
807593
807633
807867
808037
808257
808406
808599
808667
808793
809096
809330
809337
809396
809543
809570
809672
809745
809772
809854
810086
810124
810414
810572
810700
810925
811078
811109
811113
811390
811423
811475
811503
811912
812634
812684
812841
812862
812889
812907
813033
813200
813305
813395
813449
813539
813617
813625
814086
814090
814263
814271
814428
814457
814458
814498
814608
814643
814645
814744
814788
815196
815245
815370
815448
815670
815690
815838
815959
815982
816066
816091
816104
816170
816287
816352
816410
816540
816737
816838
817105
817205
817224
817517
817631
817768
817771
817781
817925
818043
818050
818273
818277
818544
818572
818574
818599
818600
818618
818735
818915
818956
818957
818971
819052
819313
819371
819414
819430
819460
819468
819621
819672
819792
819875
820085
820231
820559
820594
820628
820662
820706
820710
820949
820974
821114
821149
821166
821449
821625
821697
821746
821929
822003
822104
822153
822156
822158
822220
822496
822528
822600
822973
823218
823287
823347
823378
823388
823410
823462
823591
824036
824378
824465
824568
824569
824648
824663
825032
825076
825679
825744
825953
826011
826263
826303
826333
826343
826467
826528
826604
826688
826814
826879
827283
827387
827456
827763
827847
827916
828046
828077
828080
828099
828111
828154
828258
828266
828334
828624
828649
829032
829059
829071
829204
829243
829339
829351
829491
829575
829677
829723
829857
829860
829903
830431
830433
830493
830767
830906
831067
831209
831355
831362
831367
831416
831571
831711
831790
831922
832030
832068
832168
832394
832578
832580
832624
832646
832697
832710
832796
832835
833139
833266
833601
833667
833671
833720
833828
834019
834132
834429
834455
834514
834525
834553
834696
834746
835004
835095
835258
835600
835605
835684
835925
835978
835991
836156
836172
836236
836358
836365
836427
836490
836505
836739
836768
836876
836938
837063
837181
837186
837339
837539
837560
837600
837698
837811
838085
838391
838413
838492
838840
838848
839002
839185
839220
839305
839313
839314
839362
839371
839466
839496
839620
839650
839794
839804
839822
839918
840107
840204
840277
840283
840297
840313
840510
840533
840609
840767
840840
841065
841126
841156
841163
841182
841190
841324
841690
841849
842128
842163
842203
842242
842456
842714
842829
842848
842935
843151
843538
843628
843707
843980
843996
844005
844056
844132
844255
844272
844425
844479
844482
844554
844620
844732
844795
844997
845121
845140
845320
845434
845460
845511
845642
845695
845763
845940
845985
846031
846063
846259
846285
846365
846409
846649
846691
846775
846875
847017
847380
847421
847458
847504
847509
847564
847625
847696
847756
847777
847901
847956
848034
848255
848271
848529
848608
848779
848832
849064
849384
849530
849609
849724
849731
849740
849840
849882
849897
849922
849938
850014
850249
850503
850524
850687
850773
850903
850995
851000
851069
851381
851441
851476
851568
851637
851788
851977
852040
852175
852207
852457
852461
852629
852688
852831
852873
852882
852895
853402
853425
853513
853570
853651
853682
853885
853968
854036
854050
854103
854243
854548
854758
854792
854802
854922
855064
855280
855310
855365
855400
855464
855622
855744
855808
855873
855907
855958
856147
856155
856167
856183
856221
856372
856396
856634
856847
856922
857056
857078
857138
857364
857550
857653
857703
857739
857790
857862
857899
857935
858052
858297
858432
858623
858727
858799
858802
858935
858944
859079
859167
859177
859240
859314
859352
859389
859718
859819
859976
860040
860056
860245
860310
860360
860490
860491
860634
860842
860869
861153
861163
861310
861386
861545
861566
861919
862151
862163
862173
862208
862241
862320
862483
862542
862590
862778
862781
863106
863146
863373
863562
863576
863603
863670
863769
863779
863851
864119
864360
864738
864899
865112
865134
865217
865500
865548
865576
865771
865860
865868
865968
865970
866015
866038
866129
866268
866399
866627
866646
866655
866699
866787
867101
867112
867189
867316
867367
867698
867711
867777
867787
867800
867897
868076
868136
868210
868321
868331
868413
868455
868572
868648
868904
868929
868992
869062
869085
869090
869207
869320
869364
869533
869736
869751
869762
869861
869895
869916
869984
869994
870237
870454
870536
870672
870838
870875
871206
871214
871258
871357
871381
871454
871591
871699
871847
871862
871923
871967
872127
872277
872288
872433
872575
872622
872676
872747
872806
872809
872912
872953
872993
873247
873258
873284
873504
873608
873758
873765
873833
873876
873986
874028
874177
874437
874477
875014
875071
875168
875217
875298
875379
875513
875608
875969
876088
876319
876597
876815
876857
876880
877028
877076
877120
877241
877253
877294
877384
877476
877495
877502
877682
877702
878125
878606
878617
878849
878858
878899
879151
879186
879208
879489
879511
879515
879530
879680
879693
879719
879797
879879
879963
880399
880614
880636
880640
880666
880732
880783
880880
880937
881006
881024
881041
881068
881195
881593
881718
881766
881786
881811
881828
881855
881930
882297
882372
882466
882513
882817
882921
882952
883037
883277
883284
883524
883652
883799
883866
883932
884028
884318
884324
884449
884604
884627
884695
884736
885041
885072
885108
885185
885209
885286
885299
885362
885738
885974
885979
885993
886032
886092
886164
886290
886339
886501
886504
886700
887028
887118
887129
887256
887261
887320
887584
887654
887727
887810
887910
887948
888054
888174
888224
888246
888371
888447
888487
888826
888843
888878
888931
889037
889155
889186
889208
889571
889696
889750
889780
889836
890054
890089
890205
890260
890466
890808
890902
891042
891078
891288
891292
891308
891364
891448
891559
891639
891655
891748
891799
891801
891835
891845
891976
892056
892323
892621
892636
892858
892998
893031
893184
893240
893535
893554
893587
893861
893952
893954
894007
894093
894150
894205
894407
894478
894509
894568
894579
894726
894808
894842
895022
895026
895046
895084
895126
895213
895307
895396
895457
895489
895624
895758
895784
895800
895808
895842
895968
896043
896059
896087
896261
896357
896570
896762
896771
896888
896999
897025
897649
897845
897937
898005
898299
898355
898384
898675
898789
898799
898850
899518
899562
899606
899614
899657
899701
899921
899988
900007
900050
900113
900120
900257
900326
900367
900405
900430
900453
900535
900547
900566
900723
900799
900831
901077
901312
901567
901627
901882
902070
902183
902506
902668
902698
902745
902815
903001
903159
903291
903378
903624
903666
903996
904029
904196
904224
904335
904754
904759
904799
904823
904890
905083
905321
905329
905392
905445
905487
905537
905782
905879
906060
906099
906240
906245
906369
906548
906613
906675
906901
906975
907030
907234
907240
907469
907567
907616
907658
907945
907949
908073
908218
908575
908773
908821
908842
908865
908967
909241
909277
909351
909412
909488
909633
909721
909728
909788
909800
909867
909978
910107
910296
910311
910527
910611
910707
910732
910746
910963
911175
911248
911485
911517
911544
911562
911681
911697
911739
911925
912062
912078
912142
912219
912225
912330
912555
912780
912844
912892
912947
913070
913078
913143
913161
913204
913371
913497
913512
913529
913703
913726
913771
913786
913816
914067
914173
914268
914458
914507
914895
914994
915209
915261
915436
915808
915839
915907
915972
916174
916210
916267
916320
916376
916401
916497
916851
916866
916869
917089
917092
917094
917148
917204
917216
917710
917970
918103
918190
918228
918477
918522
918551
918657
918677
918750
918916
918925
918956
918988
919223
919323
919340
919364
919501
919508
919619
919645
919682
919874
920000
920003
920086
920228
920345
920487
920612
920968
921047
921248
921498
921504
921615
921641
921680
921713
921910
921981
922305
922421
922464
922536
922613
922670
922691
922790
923065
923122
923200
923284
923541
923695
923946
923971
924135
924169
924197
924229
924409
924466
924481
924747
924881
924898
925157
925230
925283
925422
925544
925580
925765
925987
926152
926343
926385
926753
927008
927052
927280
927367
927466
927561
927779
927834
927877
927933
927990
927998
928153
928164
928172
928428
928687
928834
928852
928876
928958
929072
929254
929320
929355
929516
929839
929845
929920
929990
929998
930089
930247
930283
930308
930514
930524
930594
930710
930743
930763
930918
930924
931006
931174
931295
931349
931430
931437
931468
931540
931558
931617
931641
931739
931816
932059
932279
932410
932506
932531
932540
932619
932833
932932
932991
933087
933221
933329
933614
933784
933817
933839
933850
934019
934113
934182
934241
934382
934389
934469
934651
934679
934909
934952
934968
935059
935100
935208
935286
935292
935391
935432
935480
935505
935533
935669
935671
935672
935708
935767
935793
935795
935948
936001
936395
936496
936632
936687
936733
936764
936787
936942
937118
937140
937163
937175
937271
937295
937318
937422
937469
937471
937569
937665
937824
937896
937974
938045
938050
938081
938157
938200
938329
938347
938467
938494
938506
938531
938958
939001
939041
939139
939318
939366
939437
939519
939556
939564
939706
939791
939862
939941
939955
939983
939998
940238
940330
940344
940367
940403
940425
940545
940734
941026
941161
941427
941498
941557
941571
941577
941739
941753
941866
941913
941963
941988
942220
942611
942680
942749
942786
942956
943042
943176
943244
943259
943328
943545
943569
943578
943592
943686
943788
943882
943887
944154
944323
944600
944869
944946
944986
945097
945279
945394
945488
945600
945637
945683
945849
945883
946077
946162
946253
946314
946318
946331
946558
946607
946714
946787
946858
946922
946999
947250
947387
947841
948073
948122
948162
948262
948417
948427
948436
948509
948524
948733
949031
949057
949204
949235
949395
949435
949438
949554
949629
949729
949859
949882
949907
950035
950123
950179
950568
950595
950598
950739
950985
951089
951221
951268
951350
951426
951480
951647
951829
952002
952100
952187
952237
952317
952340
952368
952401
952412
952600
952664
952696
952704
952737
952890
953020
953604
953640
953684
953770
953832
953915
953918
954000
954104
954238
954316
954353
954390
954705
954706
954741
954751
954805
954944
954991
955059
955061
955079
955285
955318
955456
955506
955769
955797
955868
955901
956003
956131
956302
956338
956447
956528
956778
956853
956907
956936
956993
957037
957054
957220
957387
957433
958021
958184
958350
958455
958734
958784
958816
958899
958948
959094
959500
959577
959670
959917
960084
960286
960348
960490
960536
960670
960757
960814
960865
961184
961198
961573
961604
961676
961722
961838
961851
961893
962053
962143
962237
962392
962423
962424
962677
962748
962771
963096
963142
963233
963245
963276
963326
963732
963800
963843
963880
964064
964093
964191
964331
964437
964523
964757
964999
965181
965201
965336
965382
965454
965469
965482
965544
965777
965900
966026
966058
966087
966147
966232
966233
966261
966637
966686
966752
966795
966898
967024
967047
967051
967288
967440
967503
967507
967566
967883
967948
968175
968279
968308
968388
968529
968630
968712
968729
968762
968934
968950
968996
969019
969045
969168
969228
969238
969254
969278
969335
969386
969403
969596
969624
969664
970246
970297
970480
970543
970566
970588
970655
970692
970932
971199
971222
971271
971535
971547
971583
971808
971927
972022
972093
972129
972247
972401
972526
972626
972760
972828
972893
972897
972940
973045
973091
973092
973137
973246
973301
973303
973637
973694
973732
973950
973962
973965
974161
974298
974455
974713
974734
974777
974843
974953
975151
975239
975299
975370
975478
975546
975642
975699
975931
975998
976286
976748
976794
976813
976936
977076
977153
977278
977370
977513
977884
977948
977960
977977
978141
978305
978384
978613
978668
978789
978838
978958
978999
979057
979118
979280
979352
979397
979398
979610
979711
979902
980175
980197
980289
980381
980527
980601
980652
980656
980737
980781
980898
980942
981047
981083
981102
981230
981360
981419
981487
981667
981677
981732
981897
982009
982111
982136
982244
982386
982466
982490
982498
982647
982726
982853
982932
983142
983339
983640
983996
984121
984141
984230
984495
984508
984631
984839
984980
985008
985013
985037
985055
985088
985092
985093
985125
985129
985371
985417
985442
985653
985718
985850
985961
986145
986247
986251
986518
986573
986686
986783
986848
986873
986918
986995
987046
987078
987181
987232
987253
987300
987314
987334
987358
987395
987476
987691
987826
988010
988062
988301
988315
988320
988393
988409
988426
988450
988459
988673
988801
989050
989090
989214
989223
989281
989325
989394
989458
989565
989608
989701
989752
989848
989858
989907
990054
990129
990206
990245
990364
990555
990560
990573
990591
990789
990809
990878
990894
990956
991405
991442
991458
991504
991588
991648
991818
991839
991969
992068
992120
992126
992475
992679
992842
992859
993150
993257
993281
993391
993400
993410
993433
993458
993549
993600
993606
993627
993696
993756
993800
993956
993977
993991
994106
994193
994338
994538
994737
995161
995267
995318
995588
995616
995688
995726
995836
995926
995940
995948
996235
996240
996388
996427
996526
996547
996655
996758
996844
996970
997117
997124
997265
997296
997316
997343
997391
997392
997441
997587
997612
997711
997743
997751
997755
997803
997851
997883
998010
998030
998047
998168
998227
998245
998280
998337
998357
998363
998489
998532
998584
998623
998879
998935
998960
999030
999247
999355
999488
999489
999872
999988
