19
1486
2187
6231
7555
7780
8626
8680
8872
10645
11398
12845
13985
14265
15273
16670
16824
18489
19384
19912
23342
26158
26403
26508
28696
29646
31287
31880
37565
39818
40000
41318
42106
42157
42261
43692
43736
44946
45364
45572
46126
46308
48603
51095
51189
51478
51901
53054
53081
56905
56923
56935
57223
57396
57884
58216
58954
59950
60684
62684
62786
63534
66174
66236
66661
67302
67719
68652
69556
71593
71781
72806
73198
73277
74247
74509
75617
75847
76571
77967
78992
80304
80410
80827
85110
87366
87968
88345
90678
92030
92597
92699
93923
97129
97276
98099
98635
98831
100319
101675
106096
106457
106649
106670
107637
108517
108838
109029
110319
111639
112362
114788
114861
115325
116314
116676
117651
117784
120514
124793
124870
124927
126454
128306
128790
128945
129107
129802
133526
133730
133972
135589
136140
140256
144345
144867
145050
148571
148764
150557
150703
151149
151725
152107
153493
153832
155173
155857
156714
158575
160115
162696
163280
164791
165488
166534
167314
167934
167943
168090
168809
172743
172844
175137
175289
175798
176341
177488
179543
180464
181155
183431
183974
184783
186016
186139
186776
186994
187332
187476
189065
190155
192156
194777
196122
196194
197426
197500
199071
199299
200256
200322
202693
205714
205771
205967
206808
207494
207666
209335
209419
209593
210003
211205
212532
212955
213499
213832
214073
215704
216202
218071
218121
218203
218696
218772
220274
220486
221765
221768
222293
226569
228478
228505
231119
231588
231726
231938
232224
234878
235118
237155
237526
237988
238620
240809
241044
243788
244113
244849
247243
247422
247452
247548
247623
248447
249215
249574
250330
252349
252895
255438
255695
255928
255989
258108
259543
259670
259707
259811
260796
260891
263360
264665
266198
267375
267633
270859
270871
271310
272151
272773
274278
276652
276850
277116
277959
279140
279587
279833
281338
281987
287275
290730
293084
294370
294713
297486
298053
298495
298733
299552
299870
299933
301560
302419
302986
304110
306337
306464
308474
308785
310066
310914
311061
311145
313532
318193
318486
319027
319798
320468
322373
323655
323804
324208
326376
326431
326876
327455
327485
327522
328029
328316
328422
328858
329842
330025
331097
331298
331801
333457
334116
334582
335217
335366
336591
337798
338615
340140
340374
340802
342167
343394
343708
344326
344921
345074
350244
350673
350846
351783
352351
352901
353432
353948
356306
357164
357291
358828
359967
360012
361951
362805
363710
365538
366593
368000
369785
370697
372979
374372
374779
374962
378298
379106
380280
380891
383775
384215
384368
385248
386321
386553
387400
389618
390082
390299
390306
390725
391512
391949
392111
392275
393395
393436
395109
398568
399472
400895
404807
406319
407464
409227
410362
412766
413799
415085
415257
415663
416419
416804
417134
419012
420982
422463
422600
423634
427290
427379
428099
431650
433029
433118
434020
434486
435015
436020
436194
436514
438183
438961
439568
443401
443930
446724
446790
446810
448411
449469
449896
450013
451705
453705
454439
455088
455641
455669
455767
456842
459323
459635
460084
461435
462658
462676
463411
463755
464857
465412
465541
466002
466348
466639
466643
468521
468906
468930
470249
470623
471004
471027
471445
471748
473256
475182
475204
476967
477301
478865
478997
480343
481222
481657
482104
482431
483520
485867
486580
486796
488620
489394
489468
490012
490409
490459
490498
494208
495216
497115
497776
499803
500350
500906
501056
501660
502171
502429
503554
503787
506613
507811
508652
509543
509718
510253
510451
511779
513065
514658
514863
515221
515285
516318
518276
519296
519332
519418
519926
520552
520658
521368
521942
529112
529183
529198
532081
532567
532991
534848
536700
537500
539049
539464
540500
541377
541492
541584
542003
542321
542507
542802
543260
543525
545050
545748
547003
547359
547995
548161
548526
549543
552585
553759
554074
557035
557131
557998
558156
558335
560411
561638
563804
564002
565808
566624
567237
568151
568594
570505
571374
575138
575483
576835
577090
577113
578111
579498
579975
580591
582554
584277
584617
586669
587181
587282
587441
588060
592260
592360
593132
596316
596406
597253
599625
599652
599777
599878
601214
602128
603013
603343
605244
607245
608147
610428
611527
614117
614276
615415
616752
617414
617516
617526
621954
622790
627920
628327
628380
630245
630274
632025
633399
633419
634957
635064
636791
637883
638268
639015
639019
639088
639448
639901
640381
641015
642900
643169
644562
644950
645180
646154
647725
647781
648025
650888
651310
652060
653895
655673
655982
656370
656798
656947
661545
662114
664125
667570
667745
669333
669373
670216
671284
672158
672336
672595
673700
673978
673988
674132
675250
677158
678692
679144
679638
684187
684816
685018
687619
687621
687717
687972
688112
688765
688794
688978
689129
689423
689916
690844
692513
693580
695262
695445
697635
699173
699683
699743
699775
700026
701881
702407
702763
703494
704171
704510
704633
705563
706416
707474
710008
710915
711094
713056
714220
714597
714951
715101
715474
717913
718519
718557
719068
720993
722470
722501
723641
723998
724154
724193
726599
730181
730437
730450
731807
732229
733412
733667
734386
736146
739860
739984
740071
741159
741381
741576
741809
742790
743470
745612
746352
747306
747388
750056
750776
750813
751447
751732
755357
755374
755429
757770
758298
758943
759052
760084
760164
760745
760979
762860
762877
762901
765617
766474
766870
767308
770640
771189
771904
772014
772571
773474
775536
776885
777302
777359
778526
780546
781706
782089
783767
784703
784872
785347
785379
786059
786105
786152
786362
786714
789850
793989
795242
795648
795991
797141
797303
797970
798106
801540
802425
803123
803625
803897
804327
804825
805563
806885
807593
810925
813305
814086
815670
815690
816838
817771
818599
819430
821149
822528
822600
822973
824568
826528
827387
827916
828077
829491
830433
831416
832697
833601
833828
834132
836427
837063
838085
839496
839804
840204
841849
844005
845763
846063
846775
847380
847421
847509
847956
848034
849064
849938
850524
852457
853885
854792
855365
856183
856634
858799
858935
860056
860869
863779
865771
865968
866627
866646
867367
868648
869984
871214
871591
871699
871923
872676
873765
873876
875071
876880
877253
877294
879797
885185
885993
886164
887261
887727
887948
895307
895968
896762
897845
897937
899988
900405
900566
900799
902070
904754
907658
909800
912330
913371
913816
915839
916320
916376
917204
917216
918228
918956
919364
921498
921504
921641
922421
922464
924229
927779
928687
929845
935533
935948
936395
936496
937295
937471
937974
939998
941753
943042
944869
946607
950123
951647
952002
952890
955868
956447
956936
957220
957387
958899
959500
960865
964523
965201
968279
969045
970655
973246
975299
976748
977884
977948
977977
978668
979398
979902
980656
984495
985129
987253
987300
987395
988320
989701
990894
990956
992068
992126
993400
993800
996388
997612
998357
998532
999247
999488
