839
1376
2100
2312
4222
4656
6047
9083
11339
12214
14467
15596
18016
19021
19165
19664
20707
20795
22264
23109
23181
23594
26330
27679
29166
30066
30125
32659
33099
33340
34055
34112
34879
35911
36906
37906
40056
40275
41464
42600
42967
44034
44534
45961
46220
46706
48114
48535
51445
51995
52202
52481
54027
55067
55630
57163
57542
58633
58908
59353
62411
63468
65193
65491
65902
68312
68347
68535
69112
69813
70703
71045
72990
74608
75539
76844
76921
76935
77533
79468
80199
80302
80960
81895
82985
84339
86942
88645
88817
89354
89507
91514
92583
95359
95683
95892
96200
98516
101809
111514
111523
111784
112553
116212
116459
117312
121026
121400
122480
124382
124635
126083
126559
127572
129110
131933
134787
135250
135491
135633
138522
138985
139410
140771
140950
142419
143198
144334
144419
145668
146710
148847
149622
149784
150542
150669
150824
151456
151655
151686
153513
154645
154818
156421
157208
159860
161265
162615
163120
170805
171804
172077
173160
173521
173871
177040
177555
177825
181573
182424
184697
186139
186302
187324
188182
191419
192904
192956
192996
194331
196407
196883
197038
197090
197178
197897
198604
198874
200778
201297
203724
205719
206349
206557
207482
208099
208397
208719
208977
212823
214135
215051
216515
216644
216707
216760
217063
217112
217771
218201
219899
220983
221057
221401
223386
225826
227147
227253
227562
227727
228035
229277
229836
230506
230568
231380
236397
237264
238672
239115
239831
239925
241539
242031
242458
246847
247137
247770
248161
248211
248400
248902
251035
251475
251876
252438
253421
253811
254673
255595
255650
256631
256701
258381
259450
259474
260479
260538
261466
261954
262346
262520
264479
266324
267034
268380
268553
270922
272243
273958
275327
281247
281495
282030
282514
282943
283264
284659
285038
285240
286120
288115
289260
289469
289508
289910
289983
289989
291027
291150
292076
293203
294124
297191
298969
299057
299565
302177
302239
302761
303742
304870
306213
306675
306711
307563
308986
310120
311591
312255
312546
313107
315435
316419
316768
317612
317835
319202
319366
320376
320976
321623
326985
327336
329077
330133
334191
334748
335220
335805
336630
337261
337475
337540
337724
338420
340646
343264
344733
345010
345020
345508
345843
346573
347002
347159
349276
350703
353981
355901
356489
356993
358878
359512
361525
362104
366173
366501
367168
367176
367542
367785
368067
368202
369026
369584
370986
371098
372842
373082
373171
373221
373922
375991
376164
376381
378743
379091
382320
384913
386070
386135
388138
389541
390710
392537
394808
395366
396136
396258
396704
397052
398156
401029
401186
401850
402218
402991
403122
403711
404071
404196
405243
405789
406410
406988
407736
407826
407878
408724
410366
411097
411577
412434
413273
413751
414584
415301
416961
418195
418221
418619
421608
422444
422942
425420
426250
426666
426847
429207
429431
430266
430906
431188
431666
431730
432162
432517
433355
434195
435175
436300
436532
437066
437344
437390
437650
438244
438375
440083
442031
442374
442577
444933
446383
447272
447369
447524
447528
452116
453953
454686
455188
457264
457288
458359
458492
460746
461213
461741
463062
463591
463699
464281
465287
467133
467960
468288
468498
471356
473001
473642
473702
474242
474887
475345
475989
478763
480640
481888
482519
482758
483712
484003
484635
484941
485328
485790
486229
488303
491447
496013
496784
497428
498723
498842
500255
500325
504724
506166
506233
506532
507507
508988
509933
511162
511321
513352
514161
514165
514683
515903
515999
516179
517086
517793
520730
520932
521206
522412
524758
524811
525342
526186
526836
532408
533836
534813
535910
536906
537148
537150
537245
539392
539628
540778
540978
541562
541635
541762
543062
544045
544348
549226
549403
550924
551363
552432
553405
555092
555212
555893
556939
556966
559882
562382
562995
565557
566891
569228
569610
570423
570535
570830
573740
573769
576742
576778
578663
580695
581302
581910
582906
583362
583904
584053
585596
586424
586458
586508
587247
587907
587988
588226
588846
589819
593207
593722
595608
596450
596934
597470
599090
600970
602166
602407
602641
603007
604110
604431
605980
607650
607653
610737
612083
612938
615499
616778
617157
621551
622797
624783
625047
625343
625515
625600
626181
627405
628741
628843
629011
629375
630867
634224
635405
635991
638049
638082
638973
639063
639451
642484
643841
644627
644864
649485
650457
650681
651543
653590
653912
653944
654144
655496
656461
656711
657289
661036
662019
662424
663435
663468
663786
664752
665300
665661
666672
668683
669997
670110
670973
671652
671878
672457
673449
674273
675475
675495
676233
677211
678413
680279
680437
684414
686524
689797
690384
691136
691817
693477
693735
693821
694859
695486
697655
698092
699938
700804
702133
703011
703327
703407
703867
703994
706165
706278
706684
708857
709462
709645
710078
712310
712731
714574
715368
715671
715992
717621
720553
721637
722187
722204
722686
723158
723801
726436
727432
729682
730944
731129
731224
732538
733218
735065
735653
737308
740738
740905
741684
742801
742806
743025
743375
745277
752382
752835
753245
753938
754527
755554
756051
757640
758134
759247
759489
759704
759861
760202
761944
763297
764992
765978
766174
766463
766976
767051
767220
767416
767461
767553
769561
770211
771270
772624
773542
773960
774834
774966
775247
775401
777721
777733
781987
784539
786162
786213
786814
787902
787911
788920
790176
792945
793642
794504
794783
795149
795197
797901
799544
799664
800086
800255
800331
801327
802429
802512
803372
803666
803996
805717
806629
806906
807069
807295
810572
811912
814643
814645
816287
816540
818600
818957
819460
819672
820594
821929
826011
827386
827763
832068
833266
836365
836505
837339
840840
841690
843538
844255
844795
845121
847504
847625
848832
849724
851441
854243
854802
855280
856167
857056
857364
857739
857790
858623
859976
861386
861566
862173
863373
863670
864738
865217
865500
865548
867189
867777
867787
867800
868572
868904
869090
869895
870838
870875
872288
872575
872806
872809
872993
875014
875217
877028
880640
880880
881786
881855
882921
885072
885299
886092
888174
888246
889750
889780
890466
891078
891801
893535
894150
894726
895126
898299
898384
899518
900120
900453
902698
902815
903159
906060
906240
909351
909412
910527
910707
912844
914458
915808
915907
916267
919340
919619
919874
920487
922305
923695
924135
925283
925422
928153
928164
928852
928958
929839
930283
930924
931174
931349
931739
932506
933850
934389
937175
937665
938347
938467
939001
939139
939862
939941
939955
940344
941427
941571
942749
944946
946318
948417
949395
951221
951426
952704
953604
954316
955769
957054
958784
959577
961573
962392
963843
965482
966087
966686
967024
967440
969228
969238
970543
971222
971927
973732
976936
979280
980197
981102
981419
981487
981897
982498
982647
985055
985088
985092
986247
986573
986783
986918
988459
989090
990054
990789
991588
992679
993281
993606
993696
995726
998245
998584
