1830
1950
2670
3590
3784
5076
6331
6444
7087
9269
10455
10553
10787
11101
13223
13619
14391
14795
15345
16670
17419
17515
17751
17927
18213
19212
20606
21054
22062
22164
22291
22726
22881
23212
24182
24490
26301
27307
30802
30819
31563
31857
33675
34643
35170
35900
36944
37811
39630
43094
43332
44218
45166
46191
47040
47406
51284
52001
54486
55915
56533
60594
61980
62143
62573
63826
64483
65152
66284
68215
69135
69557
70329
70796
72471
72507
74338
75323
76727
76780
78461
79192
82011
82560
83045
87647
87912
89894
90852
91394
93250
93951
94524
95449
95768
95779
96808
97792
98387
98825
99854
100692
102975
104335
105165
105666
106798
107111
109442
109468
112245
112590
113023
113335
113362
113781
114072
114151
114342
114477
116162
116563
117029
122821
123259
125633
126794
128074
129076
131732
134020
134769
134819
136878
139019
139945
140492
143906
144126
145321
147158
147274
148039
148155
148512
148543
149143
150030
151664
153696
154364
154379
154569
154570
157219
157239
160573
160764
161081
161228
161429
161953
161985
162156
162187
163686
166530
167710
169107
169473
170203
170269
170598
172133
172194
174669
175491
175663
177297
177719
179020
179922
182958
183544
184590
184597
185297
185729
187243
188534
192114
193222
193521
195090
197387
197907
199945
202465
204973
207426
208191
209968
210175
210353
210882
212022
213279
213309
213395
213544
213916
215288
215319
216292
216722
216739
217623
217982
218375
220998
221094
222144
222695
222729
223068
223310
223632
225848
229066
229903
230786
231873
232336
232477
235371
242619
243507
244881
245320
245603
245804
246240
246343
248309
249083
249542
252491
252791
253006
254948
255084
259541
260307
260348
262108
263518
265260
265513
266450
266666
268673
269804
270287
270773
270999
271142
271555
271739
272260
273328
274791
276776
277409
278548
278594
279091
279328
279546
279627
279712
280922
281232
281373
281425
283366
284039
285098
286048
286863
289011
289280
289506
289985
290946
291336
291725
292163
293687
293773
299003
299781
301925
303988
304082
304289
304783
305229
305721
306012
307324
307700
309153
310041
310315
310699
312516
314577
314746
314958
315588
315883
316195
316356
318208
319586
323132
325039
326958
327461
328429
330944
331586
332130
332373
332711
334225
336589
340496
344170
344270
344546
344618
345492
346417
346698
347440
348934
350690
353730
354651
355818
355923
356590
356888
357225
357301
359377
362704
364745
366224
367886
369627
370635
375149
375693
377417
377485
378437
378521
380717
381064
381325
385322
386824
387293
387701
390671
394148
394855
394861
395900
396407
396716
401295
402275
402463
402694
403570
404276
404932
406489
406522
409165
411292
411399
412193
412690
413929
414970
415828
417560
417699
418682
419129
419598
420248
421538
421571
421773
423277
423710
425486
425808
425893
426253
426988
429619
429977
431660
431691
431927
433241
433459
434814
435779
436123
437153
438187
438196
438568
438651
440607
441168
441636
442234
445037
447142
449258
452596
454400
454621
458174
459006
459223
459292
459322
461372
462409
463735
465394
465580
465623
468660
469104
470802
471087
472189
472311
472386
474534
476499
477209
478714
479177
482518
483384
483838
483991
484527
486142
486335
487830
488109
488241
489472
490644
491416
491603
492760
493410
493569
494017
497021
497307
499230
500037
500550
500566
500613
501044
502672
503601
503659
504522
504629
506127
506570
506575
506638
507269
510024
510198
510814
510959
511005
512582
513050
515316
515590
515642
515913
516628
518766
519160
519943
520000
521939
524641
524928
525376
525690
526429
526599
526870
527802
528818
529227
529685
530293
530313
530475
531958
534196
534719
537207
537530
537673
538759
539125
539852
540996
541616
546735
546934
548010
548838
550351
551530
552063
552430
552464
552711
552776
553114
553469
553618
554355
557578
557911
558967
560080
560763
560901
561861
562083
562242
566833
567056
569062
569626
570069
570845
571052
571813
572686
572880
576040
576506
577987
580697
581580
581868
582353
584313
584863
585102
585157
585338
592043
594658
597245
597555
598618
599808
600013
603132
604372
608619
609305
611284
613332
613843
614657
615763
617197
620925
622912
623025
623425
625334
625420
626872
627966
629584
629626
630435
631741
632925
633605
633664
634076
634784
636177
637539
637950
638138
638284
638538
640606
641993
642509
643786
643795
643885
644043
645716
648092
648348
648369
648447
650327
650408
650633
651067
651430
653319
653339
654485
655663
656136
656435
656490
658317
658501
658664
659101
660080
660306
661121
663730
666340
669537
670659
670915
671073
671420
674262
675026
676417
678084
678518
679054
680020
680211
680625
684005
686515
687235
688157
690796
693308
694259
698364
698469
699786
700276
700950
701451
701682
701899
702307
702919
702938
703508
705395
706267
706743
707613
709080
709646
710393
714250
714305
714636
715046
716529
718423
719626
719914
720606
722889
723233
724556
724990
725178
725361
726979
727450
728920
730258
731843
732614
732820
733297
734793
734821
736474
739994
740155
740419
741907
742472
743572
744151
746170
748928
749960
750483
750708
750751
754922
755063
755251
756730
757699
758267
758788
764954
768882
769429
769493
770033
770727
773773
774304
775776
778138
778216
780910
781270
781402
783192
784998
785342
786170
787926
788189
788685
788887
790333
791432
792290
792679
795732
797021
797461
797709
798051
798706
799654
800212
802204
803611
803702
803772
804217
806757
807209
809096
810414
811503
812889
813200
813539
814458
815245
815982
816104
816170
816737
817517
818544
820559
820628
820974
822003
823218
823462
824378
826263
828154
829059
829339
829351
832030
832168
832394
832796
834553
836358
838413
838840
839313
839371
839466
839794
840107
840277
840283
840297
840313
842456
843996
844132
846409
851381
851476
852175
854548
855907
856155
856396
857653
858052
859079
860245
860360
861545
864360
865134
866268
867316
867897
868076
869994
871258
871454
871862
872127
875298
875969
877241
877384
877476
878125
879511
880783
880937
881041
881811
882466
882952
883932
884318
885041
885108
891308
891835
892621
893861
894007
894808
895213
895842
896043
896570
896999
898355
898850
899657
901312
901627
902183
904335
906548
906613
906975
907616
907945
907949
910107
910611
910732
911739
912225
914895
914994
918916
920086
920345
920612
923065
923122
924466
927280
927633
928172
929254
929516
930247
930308
931430
931558
932991
933087
933329
933839
935480
935505
935793
938467
941026
941739
941913
942956
943244
943545
944154
944323
944986
945279
946162
947250
948509
948733
949057
949554
949907
952317
952368
953832
954353
954706
955901
956003
956302
958184
958816
958948
960348
961838
962237
966795
967047
967883
968630
968712
968996
970297
972760
972940
973091
973092
974843
975699
975998
976813
977278
977513
978141
981677
981732
982244
983640
984631
987046
988062
988450
989458
989666
989752
989858
990206
993150
993410
997441
997587
999030
999489
999872
