742
1409
1597
5943
6812
6833
7287
8002
8384
9189
9738
14317
14381
16480
19233
23019
23121
23383
24235
24423
24539
25644
25800
26925
27453
28448
29570
29830
30304
31281
34662
34725
35671
36561
36772
40783
41501
42153
43195
43463
43509
44004
45341
45707
46606
49895
51978
53467
60211
60343
62162
64067
64365
66649
66768
68031
70543
71342
71785
72076
72146
72403
74427
74474
74592
74631
75207
76388
76718
76835
77402
78986
83789
86441
87564
87835
89076
89127
89156
89656
90160
90587
90860
91096
94007
95430
95640
103188
103888
106133
106309
107537
108771
108972
109547
111261
111960
113957
116935
120393
120991
121011
121817
124139
124426
125144
125759
127694
127789
129976
133455
135436
136541
136867
141329
144656
145659
145749
145799
147016
148419
148600
149787
151284
152209
153860
153969
154745
156453
159214
161098
161478
161537
162236
165053
165121
165708
166153
166461
166512
166820
167327
168450
168576
170169
170212
175447
175593
176192
176735
177196
177954
178651
179943
180597
180683
181171
181902
182347
183195
183321
183777
184486
185587
185932
186870
187408
188745
188948
189010
189719
193162
193385
194003
196708
196736
196753
201525
202247
203989
205000
205704
206112
206470
211009
211899
214161
215752
216607
217176
217810
218671
218943
219176
221671
223953
226030
227293
228485
228529
230456
231622
232232
234007
235219
237224
237615
238095
238987
241066
241488
243381
244500
248274
249133
249963
250147
250965
251502
251647
251779
252438
253920
255141
255361
258357
259038
259886
260512
260572
261367
262471
263670
264007
264672
265316
265378
266105
267108
267815
267859
269114
270306
271063
271261
271976
272235
273075
274414
276639
277446
278074
278460
279758
280044
280303
280784
281875
282244
283840
284040
284640
284992
285236
285308
287024
290105
290258
292184
292774
292816
293677
293996
294501
294566
295268
295793
296422
297931
298401
298553
300674
300997
301178
302243
303542
303602
304406
304805
305090
310104
312504
313393
315733
315767
317217
317317
317379
317599
317684
318277
321118
323063
324649
325057
325504
327101
332280
333989
335264
336872
337732
337866
338568
338640
338902
338904
340128
342756
346290
346606
347573
348457
352372
354426
354596
355199
356166
357586
360532
362954
364572
365196
366691
366751
368854
369203
369929
369958
370314
370756
372772
373411
373502
374994
375287
375875
376701
378119
381389
381569
383999
385008
385876
387165
388913
390110
390349
390523
392794
393701
397940
398497
401288
404099
404650
407095
408148
408585
409664
410243
410705
412534
415282
415776
415927
416035
416909
418488
418856
420637
420832
421515
423344
423886
424105
425460
426758
427062
428037
428937
430207
430570
430576
432583
433363
433615
435514
436475
437221
437337
437909
438304
439825
439860
440074
440727
443908
445577
448171
449138
454944
457239
457444
458475
458708
458904
460017
460988
461319
461558
464014
464162
464175
464871
465056
466404
466487
468390
469110
469588
470249
470920
471803
472380
472567
472885
472975
473162
473708
475070
475217
475394
475881
476293
478446
478602
480362
480547
482316
482644
482823
482914
483945
484228
484643
484703
487436
487848
487876
489734
490001
491119
492476
494332
495498
495778
496136
497423
498061
498320
498724
499264
501182
501235
501339
503341
504871
506934
510989
511201
511231
512137
513411
513988
517940
520294
520811
521341
521595
522351
524699
524726
526873
527519
528305
529111
531408
531499
531608
533212
533792
534489
535010
535499
535546
538034
539469
541651
541861
543065
544201
544205
544356
544712
545589
545695
545879
546222
547359
547550
549513
550705
551352
552906
553085
553093
553330
553857
553910
554177
554290
554788
555104
555548
556668
557257
558987
559749
560450
560524
562090
562379
563792
564891
566096
566687
568552
570121
570242
571012
571985
572921
575667
576896
577434
578210
578986
580928
583727
583802
585000
585704
585775
586406
587005
590082
590558
591352
591906
594110
595967
596403
597072
599279
600519
601788
603637
604262
604343
604548
605286
606210
607038
608097
609939
612882
613119
613335
614895
614961
615323
615806
617243
618948
621314
621950
622910
623846
624046
624475
625021
626101
626454
627481
628269
628687
629933
631240
632063
633258
633731
634177
634211
635968
636050
637253
637406
638262
638511
640198
640288
640320
640766
641313
642073
642160
642388
642457
642798
643280
643373
643991
644391
644565
645835
646231
648573
648936
649295
650931
651355
653012
653280
657546
661724
663163
664419
664858
667954
668120
668553
668917
669651
669740
672507
673120
673303
673402
674174
677239
678907
679440
680218
680841
681065
683035
686231
686820
687016
687755
692236
695684
696214
696921
698888
699554
699580
700743
700959
702960
703403
703789
707051
707472
707949
708107
708885
709018
709616
709688
710011
711863
713161
714766
715679
716311
716952
717905
718881
723349
726484
728890
730078
730351
730516
731911
735794
736017
736037
736116
738522
739527
740287
740345
741926
744782
745139
745413
745421
745512
746897
747437
749630
750646
752605
752746
753112
753261
754452
758086
759290
760897
761369
761588
763105
765017
765812
767322
771327
771836
772074
776561
776836
777869
779656
780247
780809
780876
783760
784212
784277
786044
786140
786264
786910
790731
792598
792617
793396
794018
794625
796330
796496
796894
797284
797675
798818
800207
800233
801179
801200
801580
802726
804566
805275
805751
805846
805901
806004
806404
806799
806912
807473
808599
808793
810086
810124
811109
812684
815196
815448
818043
818574
818618
818971
821449
823591
824648
825744
825953
826814
827283
828111
830493
830767
830906
834019
834429
834514
834525
835925
836172
837186
837560
839822
840510
842128
842242
842829
843980
844056
845434
846259
846691
846875
847017
847458
848255
848608
849922
851069
851637
852688
853425
853513
853682
855400
859177
859819
861919
862778
863146
867698
868413
868929
869207
869320
869364
871357
871847
871967
872433
872912
872953
873247
874437
875513
877502
879151
879186
879515
879879
879963
880666
883799
885209
886290
886501
887118
887129
887320
889696
890808
890902
891042
891288
891655
891845
892323
892858
896059
896087
898005
898675
899701
900723
900831
901077
903996
904029
908773
909728
910296
911697
912142
912555
915436
917089
917710
918522
921047
923200
924481
924747
924898
928876
929920
931006
931641
932531
933221
934382
935669
935708
936632
936942
937118
937469
938045
938050
938494
939564
942220
942680
943569
943592
943788
946331
946787
948524
950035
950179
951480
952412
952600
952737
953020
953770
954390
955061
955506
956778
956993
958350
958734
960286
960490
960814
961198
962424
962677
963233
963800
965454
966752
966898
967051
968529
968934
972401
972893
973045
973303
973694
974161
975151
975931
977153
979057
979397
980737
981230
981667
983339
985037
985718
987078
987232
987358
988010
988426
989608
990555
991442
991648
991818
991839
991969
992475
993458
995688
995836
996547
997265
997392
998010
998168
998280
998337
