58
1751
2478
2559
3295
6025
6941
7290
7952
8124
9672
10068
10241
10516
10593
13824
14438
15623
15657
15659
17140
17307
17382
17648
18365
18667
18917
19132
19802
20038
20420
21059
22632
23316
23752
24299
25114
25395
26068
26199
26280
26719
27122
27861
30343
32007
32429
32596
33585
36352
36715
38533
39066
39259
39493
39564
41260
43693
43706
45647
50844
52885
53977
57276
57410
57686
58084
58859
60637
61136
61569
62404
62500
64194
64550
65233
66235
67055
69103
70490
72330
72424
74086
74650
76890
77221
77764
78026
78341
79530
80236
80686
81607
82477
84494
86357
86394
86715
88498
90551
91678
91681
92584
92780
93038
93331
94398
95408
96367
96451
96681
96956
98478
98540
98579
98767
102043
102475
103081
103228
104423
104425
104514
104931
105632
106736
109078
109987
110309
110944
111826
112455
115811
116387
121120
121156
121377
124346
126168
128358
129085
129461
132096
132231
132414
135455
136453
136623
136870
138260
140315
140869
142062
142916
143410
144532
144848
145127
145769
145795
145946
146441
147838
148354
148700
149002
150437
150544
150573
151737
153334
154787
155219
155495
155562
156175
156542
159143
159176
159604
161149
161554
162794
164225
165034
165816
165877
166769
167463
170521
171446
171492
172293
173673
173678
176809
177666
178134
178203
178271
180418
180761
181641
181987
183150
184297
184599
184908
186542
187063
187805
188053
189437
190398
190934
191679
193023
194610
196389
196810
197948
198279
199569
201747
201945
201999
202437
202886
203088
203186
204157
204316
205407
205748
205881
207584
208000
208781
209897
210175
211415
211650
211864
212229
212271
212901
215129
215612
220374
220556
220619
224326
224359
224746
228261
228580
228723
228841
228898
229363
229413
231274
233451
233767
236494
236704
239508
240097
243657
243945
245006
247074
250460
250909
251144
252230
252519
254137
255757
257969
258967
258984
260550
260975
262293
262707
263579
264689
268182
268390
269917
270619
271989
274598
274713
276518
277532
278289
279833
279920
279987
280545
281358
281528
284721
284947
286971
287230
287279
287414
288846
289093
290559
291023
291170
291416
292045
292849
296017
296912
297272
297908
299058
301372
301905
302893
303298
303395
304491
305338
308700
310116
310183
310284
310781
310789
311122
311600
311865
312590
313913
314125
314859
316556
316915
316982
317721
318651
319134
321332
321721
322349
324488
325184
326202
326596
327790
328011
328790
329290
329550
329751
332034
332915
333089
335544
336134
336389
337348
338608
339802
340246
340894
341058
341151
343412
344911
346365
346638
349239
349496
349542
349824
351050
351334
351515
352515
353652
353695
355409
356427
356623
356768
357806
358830
360152
360715
362159
363390
365037
366275
370208
372255
372463
373368
373850
374466
374836
375290
378236
379367
380503
381179
381237
381238
381584
381715
383009
383191
383680
384830
385855
386709
387932
392369
393376
393516
393794
395076
395083
395421
396571
397723
397931
399104
399446
401289
404832
405184
405367
406324
406668
407514
409221
409257
409611
410976
411214
412899
413078
413164
413310
414409
414852
416939
419243
419905
421596
422972
423127
424133
424822
424890
425750
425881
426980
428644
429319
429362
430458
431435
431479
432208
433241
435490
436292
437336
437532
439603
440710
440797
442197
443581
446610
449588
449630
449948
457540
457989
460651
463042
463281
463472
464387
464991
466971
467051
469277
471869
472565
473427
473569
473645
475689
475825
476081
477062
478058
478116
478262
479594
480035
480378
480636
480894
481598
481960
481975
482132
482606
484789
485503
486304
487436
487943
488574
488751
489598
494968
496864
498360
500572
501764
501766
501875
505080
505244
507656
507807
509909
509965
511124
515905
519362
519977
520034
520185
520386
520558
521144
522241
524844
527391
527997
529353
530172
530318
531317
533754
534596
535879
536062
537614
539003
540385
541141
542138
545323
547171
547903
549165
549570
550790
551913
554052
554426
554778
558239
559293
560015
560939
561851
562520
562587
563614
564094
564948
566923
568096
568680
568947
569166
569390
570543
571156
571243
571433
571922
573520
574395
574826
575760
578904
579598
581318
583412
584908
585321
587907
592261
593092
593522
595196
595505
596050
598947
600010
600139
600760
601274
602900
603700
603728
603808
604155
605055
606594
608073
608355
608576
609166
611079
611987
612908
613403
613442
613528
613980
614340
614488
615815
615865
617736
619779
620833
621607
622735
623035
624006
626100
626119
627797
627864
628293
628985
633459
634834
635723
636272
637144
637775
638456
638643
640265
641511
644383
645330
645565
647863
648105
650185
651567
651700
651977
653187
655719
657907
658383
659622
661385
661480
662135
663835
664971
665734
665891
666001
666766
667116
667494
668478
671844
672120
672655
672790
673600
676267
677796
678528
679360
679525
679592
682205
684129
686160
686350
686574
688334
689569
690767
692204
692776
693377
693412
696520
699570
703628
704335
704730
706535
708435
709358
710774
711720
712636
713314
713872
717085
718231
719096
719526
719683
719698
720288
721756
721862
722882
723418
724112
724700
725460
726386
727554
727579
727689
728043
729776
730669
731147
731846
731856
733058
733577
733598
735269
737817
737853
737855
739354
739640
739663
741573
741632
742454
742579
743312
743717
744004
744283
745769
746927
748905
750028
752611
754270
754293
755558
756210
756401
757290
757784
758293
761153
761279
762535
764046
765804
770223
771056
771200
771404
772383
772799
773119
773760
775131
775331
775358
775766
775940
775953
777174
780007
780428
781157
781713
782197
784121
784912
785355
786181
786734
787096
788713
789270
790599
792928
796475
798247
798322
801897
802293
803518
804766
806613
807034
807157
808667
809337
809745
811390
811475
814090
814271
814428
815959
817781
818735
824663
825032
826879
827456
828099
828649
829071
831209
831571
831790
832646
832710
832835
833667
836236
837698
838848
839220
839305
839362
839918
843151
845642
846031
846649
847696
850014
851788
851977
854922
855873
856922
857078
858944
859314
859352
860040
860490
862163
862241
862320
862542
862590
863851
865112
865868
866015
866038
866129
868210
869085
869736
869762
869916
870672
872747
878617
878849
878858
881006
882297
884324
886504
887028
887654
889155
889186
890205
891976
892998
893184
894407
894509
895396
895808
896771
900007
900326
905487
907030
908073
908218
908842
909277
909488
909978
911248
912219
912892
912947
913512
915972
916851
917970
918916
919223
921248
921615
921713
924169
925157
930594
931437
931468
931816
932279
934113
934651
935059
935286
935672
935767
936733
937163
937271
938081
939556
939706
940734
943259
945394
946253
946858
946999
949882
951089
952237
952696
953684
954805
955079
955456
956131
957037
959670
963276
963732
964437
965181
965544
966058
966232
968308
969019
972129
973137
977076
977960
980381
981083
982111
983142
985417
985961
987476
988301
988801
993956
995318
996526
998489
999355
