209367
775010
843627
798918
152128
748640
685350
627857
443240
552992
669733
382971
772810
802369
625769
751444
288563
714454
345742
498180
358587
431959
866227
635252
718731
236564
48812
441944
915662
532991
845968
288536
93507
811542
483002
320307
930519
101276
37520
227407
246995
29964
634162
685192
307997
579886
125350
444845
51378
157552
747117
445889
389617
406227
861071
335027
564727
15486
978458
178289
93456
240222
949753
309131
555862
815966
295602
972223
552085
374125
616321
934448
336809
679612
235947
4418
351376
956571
165354
411460
43404
517113
923591
150482
709087
910883
517000
163840
898458
694077
168297
400261
840524
723873
510863
394486
265435
541992
729409
655612
600753
120635
267792
536697
420330
235711
786650
849990
881663
192162
936933
568995
617029
215836
856514
218969
898685
182616
947070
367202
313945
722971
306961
155882
62693
805035
841174
123015
609800
172221
642448
117343
290335
991797
897604
27452
518198
980464
190324
380380
274552
346575
698440
440865
366828
282623
140117
835580
72374
448562
251604
433598
446247
769027
342490
328877
263683
710808
337981
782883
784968
679516
391461
465051
17559
476039
235885
282450
907502
211375
971049
299906
391377
807400
132093
349992
671778
474456
675012
398948
745360
911942
700769
815728
431804
143327
220108
160117
462332
663434
962539
946213
57349
218518
57484
58761
251662
730987
823228
83450
475282
322820
848547
742539
485425
396039
79912
747488
907772
321334
657731
133753
932900
83127
86669
155365
720327
915230
568221
516105
749662
894461
220112
196494
301542
451133
566237
30277
636941
62656
433686
191494
619010
192583
376206
541002
541225
954026
650347
470872
886671
894137
845323
539095
543478
48097
608341
832888
763165
702088
338302
104641
698760
792134
351853
751143
569716
314529
893156
597769
161388
299455
69209
195448
885798
794341
701370
900117
600968
449633
44254
312578
303076
784007
536297
397589
966898
148792
444113
256539
478513
19257
524227
769295
447215
594738
334903
517773
434391
875023
697237
215342
428259
234099
53019
791323
842785
220582
463132
799759
538093
68373
425215
955812
686445
236797
111412
801835
201856
934335
60238
909826
943809
314144
690431
895843
762341
241338
829506
243422
639930
444524
968733
881688
486358
291500
441682
541567
736678
230846
129127
497804
743439
9445
184877
986100
265141
74340
512473
633354
452906
244965
676000
712643
402599
611726
976783
52383
508239
294737
340440
797665
754534
575614
601636
360556
940747
152912
530994
772705
508121
29769
690051
864676
29026
49543
101818
455011
638884
296953
146307
673384
134036
551491
825627
150736
233650
615431
918969
717515
863835
85104
733979
781330
59119
702014
713310
248537
36587
906
274597
401581
843121
705550
179045
634279
286053
138259
614162
616936
483057
280678
877284
629549
437832
396014
900816
902268
634267
728896
312203
868342
797394
753718
227667
491163
163135
639849
562890
929082
508565
122099
577365
769867
938548
137288
755415
103674
203410
658710
951314
430839
590700
130738
23166
73919
19547
438656
928388
252256
990995
213570
286230
867439
784171
822447
640618
813086
233907
601686
947122
510043
909682
851900
459796
196935
135133
457215
115904
862476
300296
863221
791559
894378
176345
481840
399579
202777
725454
799240
43302
867525
240922
733057
352779
539297
555504
993396
352384
789411
595082
813710
813658
18970
179815
787658
730108
314947
244873
360216
177424
545169
223438
483187
439547
399782
479231
839125
116763
718889
152570
674268
100620
907695
407325
453398
446993
477034
960999
313581
780649
70286
127291
108512
89255
307105
896169
333567
136257
655247
693783
827884
200416
917220
311071
154167
831206
304506
507497
947968
23396
660066
622237
124015
567762
543766
91617
528959
535004
52616
842539
315653
637106
969829
424164
240565
791138
834538
574132
927394
489785
267915
755278
204405
699339
580553
872775
44750
885059
380272
992717
422659
554543
129159
546673
636509
187130
152494
165468
722133
205110
8007
551991
842215
492040
490359
82780
797382
324897
171116
238982
328886
953234
508464
533290
652573
89018
406066
697322
488281
300542
204245
425144
855084
333403
971816
491593
520532
638514
171265
756870
357828
693475
308861
200043
185515
799219
797027
497102
638321
482347
736083
967206
435582
244547
14702
602359
333564
420767
299682
336049
721308
18131
761192
90598
351533
247213
96395
386270
885727
267660
657344
243555
475339
966204
957802
175059
279628
269034
672160
917948
751380
408243
399360
701166
652789
414061
303526
500558
349032
603207
836606
70340
135542
112004
675141
487074
359216
285741
387548
759147
67605
559096
516907
542943
525300
988913
718001
319133
257947
390161
751285
523531
312608
150645
224698
965397
78910
528223
980159
427941
645634
330970
12486
781175
442973
687626
782453
316394
973366
684206
589745
40971
243302
106652
98119
282807
95565
816119
601939
867715
720485
353224
391247
33093
18074
615944
998489
96983
658371
978648
524924
818209
823823
51614
599384
266796
739239
896041
97394
226811
580247
687139
781985
823549
793790
880103
620560
889355
696223
222499
757070
930912
89927
662521
964004
622204
792669
962494
233392
965244
455347
272520
783453
279170
324133
382837
60171
577576
793083
157564
804386
373330
844702
100577
711083
152698
980679
331643
42053
191107
68346
313327
122019
672477
490053
86024
294681
282722
562722
42277
247967
532273
314796
31420
325648
638928
928461
900022
216505
721544
57586
535095
609078
416493
635671
834366
569190
130556
680213
125447
321662
262764
952977
957885
935240
443030
558113
744125
239957
635039
786402
487923
167312
101198
33547
7164
740126
476212
907185
470835
711960
478976
5930
835243
895468
155806
669609
978862
286361
349822
104309
608022
612585
571490
80112
62030
14521
638224
806155
254477
273263
106762
256604
954779
207959
804354
476147
462289
794771
897537
447328
506731
376513
453258
341974
786185
609063
525787
279252
895423
875609
383560
17650
2399
955049
611966
64429
483774
250190
870583
252455
37658
977344
23263
506641
699507
341822
496992
676001
136593
394529
123329
157528
285246
90791
499502
585635
699853
539493
864886
109481
415102
762650
641335
417501
231905
253301
481929
229883
17695
866716
482338
569556
358265
505600
590401
57772
361626
87394
247977
498218
996126
371306
655746
795577
462096
669452
381212
676154
208945
760303
299839
138252
37158
941173
69957
783266
708678
551885
13150
240578
932805
495487
810133
291070
515291
914739
863045
876917
516337
111023
889339
512463
996532
59290
822244
458628
728741
717661
648986
451891
477964
948825
590142
29326
404203
660098
812592
112882
726187
825741
353459
173197
835432
677796
464266
864927
106740
841515
256049
623076
952537
145389
649744
949069
204678
471988
921902
447624
189649
570888
899514
181817
519713
3861
725347
923916
178163
537939
551002
418554
877884
418665
591750
713316
610665
570220
578243
717405
411735
348497
340481
878477
493885
504429
341751
212767
976417
263653
660390
680270
348746
74109
376292
382663
592173
101639
820783
284540
639577
371785
703093
31666
790449
809047
259186
401115
893471
351633
118520
819411
700129
973204
697888
194014
477634
553843
406781
968255
331701
581375
162730
680446
655484
539021
577313
761861
640659
398097
46402
794440
769881
263699
826105
74536
586951
599495
475650
480422
951128
108374
299833
651257
595782
511925
845271
587620
65769
766256
555875
911673
347631
718605
592119
517319
771830
169432
793385
412490
81733
353991
721134
851614
617689
61445
926149
718844
660939
916003
713471
612067
24377
13304
263325
134363
39434
622800
721983
619406
389056
792062
531079
250891
510667
637402
282415
796702
321038
75800
209192
402771
429790
444530
254385
561683
505974
694738
794732
681118
610741
508203
293185
149322
521506
70714
283684
75144
693513
519871
694549
596773
311934
739832
847664
336805
377234
644283
133507
212477
234287
856902
615247
664076
301433
383836
739963
321611
78574
534695
516933
203519
42898
324323
867044
78609
395036
664932
667956
602754
184804
876710
199527
10942
616542
561395
347746
993776
719882
481253
206253
954168
852359
335704
618244
667996
719539
872412
989607
312317
921311
506540
30040
478414
830862
897083
71227
740103
76220
739182
342857
261023
615892
56588
271964
232435
617983
133915
740415
337865
129372
460872
806238
981730
796575
938686
649727
30319
811098
153539
856839
246615
174283
886878
725028
519350
298166
796254
259453
374385
535436
116514
149613
665533
173101
421576
897967
305288
69695
152587
157358
199066
613458
963595
695001
924237
902281
344728
954555
227585
12471
811394
474199
186753
212477
199227
706102
510642
995480
479759
885026
45121
596272
34639
710653
769373
970419
122825
588865
40114
275411
746222
753384
888868
709817
448385
327310
126304
307317
796069
353888
319787
607463
828086
20744
334144
27313
726846
844785
536997
206605
729812
582117
802877
278655
806975
86455
249074
929799
675319
803392
205211
421542
556776
608283
645563
519365
449798
771866
340886
245867
125754
660672
367535
468044
681415
701678
9561
922465
546464
546557
129071
790480
642879
446152
69135
449854
532606
832413
379653
722129
635805
99068
143671
706785
221556
303439
740354
671353
589509
81240
917219
229468
741911
284754
697511
937530
986432
707072
859996
47101
767833
503271
351785
410712
949422
420919
860565
996232
253332
754423
718361
403341
367695
376237
110126
589250
193880
364684
260603
783388
445923
692027
12856
187834
976780
710367
639569
477417
931643
499565
38722
699476
517040
390506
110189
466462
325630
484958
976898
578961
753585
209464
496507
121281
585700
120837
224735
779579
485521
999542
77173
931443
691569
90028
633482
182554
314599
273051
174176
246242
286820
727101
945718
803859
117608
570111
784525
443237
569273
275628
536402
322859
485091
547113
958343
584996
667950
697282
878779
667675
696824
955951
599118
902597
560184
746804
85152
874782
534059
773531
635229
820878
500632
95152
138942
132444
665262
437671
89885
234535
227503
140492
71598
712594
687604
544145
811794
869758
241428
690573
537433
938251
160730
650756
840849
720913
911764
440205
109900
445824
727940
745128
780906
742776
354484
434053
875220
19746
871723
479309
768485
99227
619800
354287
326025
821609
898432
137819
691367
139860
342596
743005
592315
17530
907965
947368
738442
819729
901777
362547
265553
629717
621879
46460
886698
976363
480512
276123
510313
866439
755431
278798
479870
375232
147290
320099
711045
45722
457917
916616
699785
314718
659621
292100
332247
567586
753673
584894
901520
655450
461645
167073
799372
83524
727736
686070
59887
722452
962192
570200
103097
717623
363202
582966
607059
510491
903065
832308
70417
875186
748925
284406
704108
408546
90711
36356
490337
844383
135454
391857
499833
597098
73134
813409
680621
800870
499479
254713
37527
975875
824912
140623
207704
702318
237794
814762
727014
655063
647071
797430
530249
910200
81837
234358
318746
172547
784917
323287
531134
920370
715143
545171
31673
788277
358581
712293
103352
372264
481210
140878
348140
820326
795705
555843
522645
33499
884809
249659
202766
46085
561293
733014
956284
157334
481576
789235
844084
266493
112522
375218
701067
827665
920389
732739
130147
793174
959237
747702
165438
954651
402784
513577
774978
198489
583624
297623
746191
982638
61486
948956
28723
622778
196176
499212
294317
191956
288447
138401
972653
400968
27824
673720
742837
462417
920664
387188
255591
394106
134890
421028
348757
537674
448810
123735
250367
546638
935561
510763
529276
511251
973923
72204
648234
170099
571415
942550
362055
859861
595155
334708
775033
622978
522632
32076
85395
957500
419263
340985
351606
68358
276218
214568
606031
239232
852506
370602
785869
302273
881364
315146
813523
855288
387349
461757
539591
472968
404307
901645
332829
999462
750557
622066
136645
787394
168346
222040
744894
587609
77229
610705
170171
353446
825272
290406
106882
191983
661007
892751
494255
56577
722101
307779
911864
623654
283740
965659
96622
688047
381510
943654
201714
132067
79925
338358
919460
248271
74602
664355
350084
151831
789264
520254
19481
128741
810659
126363
320723
985870
533318
329183
42447
255419
636961
468515
393277
434905
434175
489898
122952
815684
947756
838869
461955
27681
177228
895620
790155
766033
74180
140239
917863
863443
174697
451549
992183
499560
577911
827110
485431
111229
156293
42082
880851
307458
24802
274128
742363
973180
278230
865314
303069
225986
218389
765023
767870
395616
174848
558026
675853
249027
212469
593717
626674
387166
45266
618857
886725
137381
445968
886360
762813
602260
442647
643664
909718
467448
431996
166286
954832
710225
545804
257901
450415
764192
537128
732489
674012
711976
290515
349866
475207
17189
457787
101882
918558
17257
720738
805283
154637
680910
205849
431654
797375
162700
589522
221298
144352
21518
387583
99184
245947
933386
357084
210566
697579
408416
943054
885795
634596
747774
235661
109804
279167
693447
211685
197725
710703
446627
517212
379544
127538
723060
811197
924912
399964
400719
146210
544315
936440
47997
643498
182387
981382
514786
907156
193166
437407
364416
78962
72003
112190
314622
181806
391356
522274
393490
589080
747181
840117
106292
126726
481859
343557
937922
920975
743520
852846
67185
802040
789286
629385
445538
485878
610767
474529
393034
318138
911935
757449
397099
983937
383843
225925
679948
289403
262403
73438
392687
9585
427759
13184
650514
423822
356740
102641
344797
614464
955486
926185
416504
258978
555570
376247
744855
166338
364980
652093
998679
791119
923747
395778
289261
821794
135907
969208
625402
398310
556851
18089
922098
498814
31272
572612
922636
902215
675252
267433
30885
630739
193619
961592
889716
263393
852043
148776
943934
731227
315073
942613
522346
753024
338391
811607
574819
988502
295020
200221
386812
851870
732513
308910
350685
277990
881521
273321
180205
556773
54958
725293
701716
762780
686886
105637
26174
53134
768616
970107
784361
83690
912721
306707
350918
765316
632518
439941
753818
927538
154366
654834
293613
886879
477948
644297
164869
359469
431822
859277
430447
985
98776
646367
763764
785661
752004
304142
838794
520620
274250
137360
118514
701175
444067
469432
980695
590789
909372
734514
518327
63739
903552
811940
464822
381501
970441
629690
255174
916468
3172
685620
917452
101947
331988
681216
401812
598196
985358
754811
118816
773812
892170
751534
989191
850441
735170
969886
441231
644542
218605
473762
222485
122158
285702
687306
17863
770348
831200
273036
686816
348577
958656
604268
964727
804848
799688
366540
403044
299251
635555
36064
73063
41930
301802
576458
892371
36972
546345
847806
195719
764949
321568
932407
401311
607270
619714
419173
891822
965118
206414
578638
827899
679274
182906
792627
484122
496798
673371
401370
796049
823130
951637
869111
865059
253440
445570
271635
804615
506119
119441
334
785272
441009
932741
700788
562483
66660
119961
454305
545982
326374
32943
888086
519852
730052
194918
3974
226850
868288
919547
22899
205623
385390
406215
70682
153034
365989
342317
957648
872107
461757
472187
171584
416970
919132
872371
979452
985791
992332
433757
45978
832910
466699
934063
352763
710955
128981
870940
937805
511473
304693
474908
717095
690082
881122
301982
843115
247111
158503
314968
633422
620259
787154
805006
551434
706286
677377
530886
206282
183914
964643
252260
531029
945546
700527
397996
656502
343713
783140
108512
855185
87833
583419
86486
292119
464542
388467
135234
225857
61174
964406
859279
195637
751560
178490
747070
457847
370071
277957
178333
553985
242600
430592
599218
702350
645324
511418
358852
989036
294558
467363
358426
896595
50783
444911
188714
29529
347582
838152
255385
922959
802558
628868
118597
68323
807357
865666
40374
691633
143623
218707
759822
900426
163503
359040
602777
808826
870457
961628
312067
679219
943196
670493
575814
993978
629608
764528
537711
491395
116885
793095
414354
919442
421964
532950
987764
743525
398617
28139
435158
56444
761049
194980
956870
924551
68224
559647
247583
452885
521275
559649
132105
464471
230142
222123
972653
373955
500855
510364
865349
617739
817664
793907
51386
753832
326858
553355
11562
239679
95698
960924
296122
856746
670108
252992
781297
738332
812638
28880
705421
848118
102734
837525
826793
332875
573853
799447
221034
74708
824015
86383
206652
155884
880290
258037
423920
721352
811391
435482
961030
907088
396406
771356
278039
580718
24349
59337
319050
836986
602420
24472
199309
705153
376201
26103
552233
464258
339754
773266
538966
677973
373854
745617
833857
768348
517858
257777
3905
329250
207463
964934
750542
118073
250495
28582
698791
274843
602122
532045
626034
718746
70721
825342
938104
961126
851444
490337
425384
191198
777807
964349
869171
151661
224171
217233
434213
742029
989213
438117
585483
196677
917255
850229
828953
167751
878810
527744
956797
995136
59790
582831
713883
130510
408174
651987
91636
773822
656528
517020
965020
434335
995573
348396
100201
733949
565628
48618
990182
554841
940
575665
265722
918194
425894
94676
600149
818909
136624
556947
814045
196413
653982
42133
841127
576360
208324
932762
350183
864851
963986
829407
813391
473765
177803
427796
207714
257635
476413
197896
812475
991556
287765
592402
909751
713658
201282
24105
532567
337905
95256
860817
48523
749238
417154
889649
839802
625478
336616
189985
4534
300603
19392
817924
288572
197194
759924
10490
454828
750542
722589
781508
742098
10354
888114
166054
238216
89396
190159
284988
941504
799618
145805
990026
63061
77163
879675
902863
702640
216292
92848
707174
31099
626444
39303
319670
823637
313432
330159
792670
63974
566952
88383
806071
577305
490701
486330
329725
580096
190693
614712
35805
990310
274721
25832
53372
351884
905506
470439
54524
636002
563286
275902
667100
189730
829409
500974
527572
142841
345337
834446
206814
912288
437033
527089
489593
927733
13419
819318
22034
204111
948234
57838
194422
222956
597873
761997
574839
503380
232436
143567
653586
309926
419469
320687
13861
248878
335865
55637
391718
681202
404287
112736
593490
841319
639824
597288
283257
653243
930810
305290
371558
879044
877331
565979
616204
475205
842180
705247
492789
588820
848814
146375
898746
782487
981265
426811
545569
317131
482447
451491
512537
886733
564226
106027
242257
204050
217519
525513
371497
662533
830802
743055
541578
222338
823238
671986
697542
665419
377234
190331
768443
226048
336706
667189
522739
832175
94000
68308
149306
90651
519798
661842
491588
598228
282074
733844
316482
499592
773561
687979
162126
118568
945238
217908
340906
282681
404098
38448
462304
781331
228779
230748
521583
79689
412141
44322
911863
506141
626833
575374
110996
660835
237216
602584
259063
33494
850632
575545
47291
624194
777728
209416
742761
237171
941527
83667
519851
345625
636319
496360
641161
379302
727107
676948
458990
139248
235475
885057
159593
862307
460431
270589
37348
211852
387377
296410
245345
238009
386159
292635
862202
678091
16255
119169
915261
471986
717039
949317
331816
353358
445677
972976
732659
686988
649924
705853
826235
885398
590911
500033
261911
51342
770621
299258
263193
672202
109872
22743
910210
496031
315377
286618
174122
845836
919990
603588
317822
637029
552905
649637
504592
512786
136818
751455
199774
300947
971513
26009
700549
562424
526041
962459
127970
810866
775921
905367
997272
885793
928109
421688
896028
757690
708305
584354
603526
142500
187942
435553
779528
255051
85190
798324
767836
222008
63985
967609
522954
35498
507823
223503
597921
33864
700167
240095
358935
990292
145462
870411
876085
587775
292099
286318
859670
514608
870672
977400
657107
572818
412953
950840
827869
12348
749164
595705
234355
327353
77520
271513
362850
585342
9220
474975
133410
223591
715070
6549
213884
374736
876960
604173
476716
169059
890491
336386
683667
275368
313786
854978
362390
240944
805818
704463
253291
69188
300169
1850
396540
891892
787566
759390
477234
796785
234365
610643
534581
463639
617192
748464
838375
494152
866841
829295
177415
271537
165681
375286
546904
993670
230265
423499
748818
36083
127962
2109
619474
942334
3958
16015
834226
791523
289609
311460
102514
523973
436308
151299
987612
53500
899762
340192
61856
280808
169487
753474
552345
849371
128761
613453
357246
873229
36952
106065
423516
679118
622377
42991
621452
626335
59005
455679
932062
348613
281343
548780
386790
231855
700078
888606
285354
114045
743002
861413
394853
426693
129093
947197
276064
772057
74855
147515
645286
111807
767783
68802
790924
390160
111792
926580
530699
685000
896463
462762
547817
177807
525746
934607
409661
740029
823213
209220
368278
80421
584837
763130
507113
713929
224532
783177
485986
299387
444896
645476
925397
212679
714278
230526
602838
340274
157106
133538
25275
53570
110504
573091
745580
636249
507698
669445
890482
845116
878664
258761
925536
977706
536095
432649
205840
274832
730030
206031
574218
689130
851506
13820
901808
79989
758549
504647
420263
915654
152389
445537
483428
262892
532832
229008
413345
554735
898453
303828
399851
291322
76793
839591
783232
612887
786444
989072
887718
30680
709307
976140
719809
75018
504164
135823
155007
262713
154674
575269
178368
307062
535010
661795
84158
582046
405008
497502
136781
303461
315534
50836
108987
392326
404631
892219
519418
191076
395496
407136
735959
104803
383277
455768
179820
887440
591590
334826
664358
746263
424299
842725
567529
473513
18725
651686
55560
423732
663393
706544
241397
978926
757380
350384
885457
162011
756807
404875
867290
152303
812010
603249
257105
709491
573222
951128
111137
679016
285955
775494
939484
224458
132424
507013
212176
151148
158700
267735
89085
336297
488483
330481
315223
245863
195069
714884
407874
951875
119759
275164
104178
445974
392618
875486
669669
965839
826615
780805
644855
626774
70504
584339
851231
202927
605557
63407
868279
278461
845345
957363
614757
333829
802048
444184
93896
997117
159069
15974
948992
278827
805342
567375
239005
197960
442861
908674
163799
269476
203684
322858
410454
788392
421402
261686
991318
26959
839296
373802
305419
198847
845369
434380
46880
647418
878563
140775
158740
37632
156749
621936
830663
962090
703515
69668
674254
146377
492546
352257
930056
210435
675114
340511
998826
610720
116401
504349
637678
469901
878151
457301
182952
723520
891680
229831
885142
770244
884810
558086
322080
555763
180023
152743
32058
883537
736615
706311
544118
743365
58568
988379
953799
247886
843094
952625
858606
959494
456975
10489
943599
849330
981994
126552
87055
873674
870586
486402
158123
755396
44488
994407
311159
738714
661354
857420
136457
397969
563731
194779
655539
136503
183158
609338
898593
26252
76169
757199
499950
47348
281892
443550
896677
263886
84306
983731
651765
954891
470133
324092
710288
28826
318499
535651
767539
979853
393072
903995
892026
471007
612979
547565
607510
796136
671108
506103
336593
747276
777506
836542
794623
573602
794296
205505
351693
878601
189236
3458
833493
173574
327549
57986
202399
160253
107841
484142
140106
500912
902342
32132
971919
515321
93902
93634
311457
765009
113941
648049
512285
891446
998796
821112
979252
793092
26617
330945
185899
730056
334402
533596
417834
176156
105786
620232
336408
213626
618579
990717
714538
520921
537053
200662
36242
630954
294295
861902
395963
408235
24157
422452
813885
537157
757768
793137
844453
784384
124083
30352
28646
972688
78152
446479
148844
183937
580916
999455
397563
199495
504377
626305
720415
41431
826966
270861
672384
635465
646967
68348
557904
185328
5004
371789
722484
762772
679130
81143
61361
803212
111494
90006
290106
703850
50690
438949
887786
631605
952609
799553
831099
456986
425858
65719
498416
767028
850783
170801
402493
11955
753352
960396
197283
272560
846389
433971
35332
525520
515113
96693
842936
140812
700902
133042
844661
751591
86196
246652
383196
553009
46206
728499
9995
986267
308422
22616
753296
159205
707620
669993
685364
975176
144595
882646
247736
990983
830821
283068
30708
345935
893964
387849
951
109071
35095
359816
860662
635494
606467
758062
188503
166877
486562
712702
153145
309188
735317
420645
468393
442937
90638
667961
418113
235232
64812
180053
740420
895632
977324
285332
755771
871288
673180
270926
980359
222480
630741
355226
857973
751413
113288
46477
918289
114054
759178
585638
423242
494495
6283
405839
451636
611125
73800
383953
846356
138611
78210
100981
548447
55535
386313
818423
926822
573697
89349
421386
796176
720090
290816
654150
471503
918308
214831
903996
32362
974008
489635
969807
982707
10122
375646
948547
621246
963649
846704
981807
616464
924913
82788
164912
980447
469100
983334
421475
42798
72683
357065
353178
306977
647881
7328
778479
566189
222158
196681
598550
710370
686315
82563
207282
210641
458208
155829
831887
936062
2533
813694
552526
927446
896481
717437
907893
879786
214976
329368
436788
801863
686433
789965
108840
848518
311498
401524
414707
47860
598204
527461
758230
798723
610023
965511
9364
582436
635545
841250
518498
638077
169149
71024
79728
579835
302666
501826
459621
31846
345398
896408
833708
31831
686373
456753
394553
997870
858276
809259
45731
970684
850925
318165
769407
975152
797880
778770
557588
433425
134226
76086
585707
817578
661314
179639
397413
963979
681464
857033
510029
26863
267646
343738
572897
468224
314695
967450
980298
687175
290914
540233
657859
656043
858397
941470
631196
170483
234445
188784
118112
882874
264870
703818
700453
440388
397662
97866
404367
79126
469104
428600
105988
736749
286542
193090
719177
601236
674744
699476
288411
965657
239709
460474
621701
612311
401944
767101
782793
150594
955884
900904
33468
734958
118928
733920
175346
516589
345991
93917
109919
815094
522517
730111
66048
809058
923200
785225
924499
597944
998905
212910
77806
238614
187589
213711
850924
103737
980811
633717
254330
936696
48827
287798
185859
167754
535922
361205
198547
881912
969325
308465
211211
491842
38576
791463
815105
475980
576688
739604
588128
89798
466718
665934
328411
654306
879644
693540
272248
374661
841461
526577
825561
890287
328579
11420
572245
864501
372624
770791
746413
341950
593461
471829
347996
146241
263292
677305
622221
354184
416909
210349
443981
397832
390487
286596
52138
784336
980135
324385
158997
821597
365167
984557
226089
693745
995976
