782709
546548
636140
146279
166819
376177
697769
677294
804574
638791
334448
510186
846957
355037
983995
630447
627642
824518
251115
126851
544196
132088
790557
913546
81408
248804
42009
235002
759801
468499
228948
495929
434073
443521
471223
438856
242828
323889
620715
622616
5454
643443
793806
193097
547787
119563
305156
545195
699381
455834
417654
465798
510923
721202
367487
484311
613962
477341
732680
101687
259964
898632
448510
13824
468186
922962
486472
326869
529220
342733
532580
35325
262737
25939
196524
438774
140592
702305
678212
16315
310988
105315
628681
857144
86252
178227
822089
535363
116446
883284
268452
838066
555556
901738
965269
263377
873903
26534
78305
463248
992174
578324
595979
848606
934816
144621
204327
77422
328009
884155
184768
647839
913225
663504
854211
279133
955605
337632
612808
619516
39206
652865
107524
165453
573659
391526
371434
263311
868740
216539
591573
359027
312711
261486
326418
283448
73736
616054
828958
323884
520851
38957
455602
294943
184911
315280
266534
151176
105704
645086
541469
49177
369291
951115
69037
414770
897865
870353
444225
455349
697220
108057
378777
57359
391653
256981
166100
364376
92604
805967
803231
666285
913039
413918
212513
97342
476173
264640
41777
172180
692229
279695
752071
427504
74074
531653
346555
836128
376780
125280
573880
340850
786380
348754
223729
883233
214632
157223
870039
666864
903828
889346
265155
75580
182452
488330
762596
646248
514737
228080
884527
740113
807362
304426
471897
189240
217357
29250
238318
866373
843955
267681
400334
546122
690933
80852
620782
477614
463434
112636
643585
450551
585686
277846
328858
616430
541328
372142
228733
789789
521520
218782
150792
598300
845338
802817
472952
308725
917673
139053
207173
522060
177775
425001
262621
312984
891421
154018
22000
459388
74206
817396
761939
508279
341823
80438
325498
522757
465851
522541
498306
406754
117248
225539
292223
141383
804247
507039
533144
592655
27064
200131
877748
800523
834120
949888
530154
956716
445240
312437
808341
221351
106388
82492
191490
901760
163636
325914
991185
289575
472597
663765
65195
988163
751575
531900
826069
185174
803233
804705
356
649333
37302
680177
69085
619686
471318
105279
217665
752447
305078
437421
324393
68556
252686
548566
827192
569282
297219
925061
420148
137567
413141
204089
450958
684270
214848
839591
926499
388627
629070
564309
218417
741732
192944
833390
843807
7480
207608
400700
735366
606742
894305
392377
436514
315860
543510
50175
901915
331989
747295
373875
231273
231356
701074
33496
237996
412061
327265
839955
243471
837696
566402
728667
517088
572384
21365
319337
576363
990792
825484
669343
819183
227315
860895
30449
693999
167795
792494
93925
940428
659895
355465
403711
100989
392504
862029
568701
98744
763385
69697
232542
491327
93110
614421
860405
940949
671259
695831
111578
309358
108442
886533
301027
104653
310186
597450
191856
617926
716312
704827
612437
970221
154381
617245
613773
789934
501434
144240
886095
372647
845659
514804
653607
816332
785865
493479
934846
61406
851050
59325
687977
544146
129898
905474
362645
553021
342280
645084
759906
707723
416260
397663
561151
450247
823399
629488
25637
93213
483293
670275
970098
857932
305864
49741
467328
751964
784726
83845
21566
201758
296347
916585
667501
146647
60407
560588
845332
495307
268286
377925
771585
184713
115232
555559
270050
182505
455480
674299
845002
128356
907565
931508
182476
528689
198943
855786
929245
945759
432180
83933
371333
936507
976625
909484
184485
786772
987092
696507
953734
638920
117711
257351
541738
787349
193360
202948
105969
521137
358814
335118
955702
701458
39943
18678
656777
835378
603021
149701
341975
106914
878361
774617
931152
198522
987331
422030
17809
659751
427204
491518
824337
758800
85463
414735
75722
236091
930551
591368
919279
55017
543288
33097
645408
491813
347045
615994
783383
15218
166386
435972
848715
151383
174902
160391
575793
752007
31967
756386
918116
993270
507077
979199
981902
271340
21981
631042
801685
567358
175762
778027
590595
165635
273082
757196
731760
656974
257114
678266
497097
162994
386747
827537
983142
748616
392043
446014
522710
567759
154911
349633
642238
739661
901543
590683
171821
498711
800353
32034
192503
373186
621692
115987
971913
962222
449608
728679
347411
198326
912440
863835
414379
889801
196887
880792
738373
319687
524890
925663
777186
547676
936214
716496
244267
721533
517208
411842
582381
717657
291937
591500
787174
481498
159733
945742
780072
904361
132076
908521
345073
957904
110088
370450
454092
187815
429576
458772
900173
677208
864037
672627
53145
827034
352246
106379
417822
24311
840353
506341
474697
350746
274282
737947
35230
788933
943405
468839
938665
720125
580488
364911
103606
315140
383473
289153
865365
365345
130074
47178
130033
117566
873371
665423
682979
695645
155780
533911
735467
964741
177184
92059
754881
940445
818476
209915
413688
992208
242745
279591
932010
143741
757424
860942
532254
143323
120042
832274
326905
85833
943125
662418
750479
975403
874235
144854
672001
588314
364946
363248
610502
232060
222546
315516
816671
800568
269109
617130
327811
940537
578495
365233
682811
561554
567072
678187
584654
294814
738261
916005
261903
739195
159121
117753
733574
60799
742498
555268
932849
632668
580072
961786
339460
29891
307521
720207
808493
204034
795801
945865
619876
541703
207792
416119
266705
545994
789509
410471
584120
963147
953720
665485
193759
988885
342667
124597
853773
720579
659887
443415
941571
901184
930060
693239
953437
860774
649759
286072
748148
238177
389671
988586
337746
257649
324400
225196
743522
812647
16942
626972
943616
888229
145471
910513
134734
613901
740062
145858
374270
4688
885874
996697
712066
341849
629573
288786
257584
403038
214612
15380
210382
711940
15921
191885
82806
797757
1609
243686
996241
15543
481505
179391
967198
485986
283117
701229
222361
557108
67805
339986
754102
591195
704134
424547
168575
438385
326163
767142
799113
663007
853303
49563
603047
707031
397444
306810
6005
17546
762699
919293
930592
949479
207906
799906
614508
108081
432715
424345
176163
240069
232899
86456
593659
539944
497455
241664
605281
41106
52563
218371
365385
486174
926095
216245
316253
601216
467114
198921
793181
785010
410192
417783
215312
27725
903297
439757
882375
708296
803006
385026
387397
686351
602399
411579
472756
369462
55727
261173
717580
681862
300304
441772
336892
772658
45382
803141
478527
364379
92524
749424
600759
140415
367192
200849
31671
438345
875181
839055
164504
77484
515751
870286
150914
991235
60193
988378
725446
764880
241285
194215
444742
289028
36234
982505
958475
19450
549482
178789
803588
136347
928939
750476
391857
279939
236255
983609
627128
910806
264060
338298
92982
727079
316082
980774
816046
421208
501360
250661
722924
303871
781506
719640
612019
633263
755176
585108
232913
687600
493542
819401
44505
350200
430717
878721
835043
632244
921744
654179
265234
66192
631844
13933
759637
855104
195635
883946
235089
850677
399624
235747
699351
59345
35649
77651
688458
745430
326052
884485
548292
351812
762822
360638
394365
334737
382967
639943
521636
258263
267983
784671
511150
153323
621758
742371
930031
276935
300518
854551
376792
546666
813760
389334
589309
788952
318648
588408
669615
215082
889747
678401
792618
324459
41422
777070
198110
210167
808879
239941
470154
271587
798473
648645
442772
520717
180865
852806
907812
198017
894542
381288
353610
366736
280425
163256
413611
20984
360013
618296
450587
342701
133996
492322
151327
257402
684244
379491
489755
672332
714072
139990
173250
569745
802179
636449
355908
144969
291827
709590
280310
297147
849149
140260
84092
368314
337951
926761
507736
490265
338601
792401
561276
261069
909816
349620
578912
452107
216065
267397
682911
333210
486758
825333
61934
848289
222208
686582
413583
4882
322465
395380
860299
413782
412466
525986
618166
388904
792149
851902
775084
441787
609036
431463
534960
772118
468575
334304
74570
532249
245444
471519
744557
534529
510331
733088
155773
730623
197278
497725
705819
720993
960745
472125
608377
834942
960554
601219
653738
916195
399779
378736
826829
464591
757482
445903
718088
341277
83629
440810
1346
942359
312432
769644
62152
29714
262471
291672
983930
307615
337638
499343
993857
443482
249640
481877
635029
955587
415010
225265
38095
696222
619577
638774
33176
721015
580318
874042
316943
488762
372250
445740
790402
996260
280202
191754
237590
604378
738431
732628
314506
258138
885062
662782
275420
750467
433376
67806
120218
453839
806359
116855
574919
436377
141733
797359
165685
731983
770479
177871
877288
275434
763127
783610
855761
969788
640800
274079
783431
843103
677884
601699
583505
807627
33056
98349
589124
544414
235078
828340
683978
620374
37673
434077
112672
606530
526541
542860
251173
707309
517549
543570
179144
408880
966088
69847
524881
982483
571884
190333
31724
75730
700501
740242
706624
631429
653254
463260
460918
87728
263356
1879
245570
756488
602295
103441
630381
355086
371253
619488
153122
251078
226978
104393
985072
714758
402557
472665
807905
489049
180
861610
12659
81991
977172
186086
181732
521272
133471
298986
981325
281087
762849
779037
445951
105915
764987
247094
905765
913064
468767
328089
625169
227017
766972
473724
133140
676696
167315
21897
213465
369794
641484
793168
775756
523919
824380
466392
543086
558903
570805
922941
894142
221847
316520
304089
360737
89666
936930
129663
813695
353931
384384
873987
681916
297379
783491
913508
319282
472485
686477
307232
795247
776960
892854
399820
939984
765965
304244
977182
948520
244615
200407
240186
840228
554057
166669
298116
936744
256577
171844
480839
444090
451260
167321
196446
988999
462441
316544
949805
344168
263646
545414
216854
589746
438909
387234
683962
966935
279075
492602
705281
832284
230043
754345
440423
397695
295423
502131
246558
855172
513518
506450
832592
654037
303861
944334
499999
103838
736997
398123
594087
402130
132146
351016
261651
427866
634006
746991
903484
382213
947520
318251
817277
429869
492655
720584
531034
802717
898676
12523
234407
452452
996691
264221
158181
18688
471974
465514
593955
287994
360194
191361
261655
12988
639390
446790
52180
473599
293334
793382
582003
847606
952797
937240
815949
933972
949290
830634
229453
643464
684066
562116
35996
995471
52660
393861
836042
466382
971692
309132
220570
690603
561202
719722
749932
22573
676570
500275
255431
51886
96385
777493
410830
934817
661629
142212
774860
642646
286244
26798
79775
486177
790361
915255
414983
733588
20138
740496
17302
835199
362865
236917
701515
524718
50021
2268
827327
786386
677376
696115
632961
685475
624977
468272
713102
687492
116637
780719
118207
49726
131884
371857
193458
117202
31429
359774
669833
211870
64304
833343
743528
955919
145440
560929
569203
221760
736285
212748
790685
279774
524977
197032
686262
574099
810141
816851
175453
751901
339279
404654
270458
981215
176271
874188
967206
828603
66486
902855
688146
102853
53889
227843
516324
506770
904342
909380
811522
984753
746350
856268
274530
14682
252147
393672
645783
614949
373674
552226
65259
42847
800684
842544
258127
530781
865665
234111
133457
888402
462923
652275
398647
544035
446618
884545
302392
963368
730825
428040
390791
392864
256482
648803
882064
569907
152612
273416
630548
506779
844383
51758
692644
186043
86557
973173
386532
41104
970703
252841
95942
667171
323501
439398
362347
367398
349552
172390
531571
760420
543796
533870
216755
970072
522431
586363
727114
605888
16894
126804
35932
25588
93558
131526
772405
381380
974775
813683
255270
700354
531835
912898
842892
57354
686560
167411
194883
240623
128175
402743
220606
555635
830162
368239
985350
493652
467557
142719
326227
649726
287554
800360
508726
257411
910012
589666
375388
696022
166211
66056
710175
886884
518872
763056
788633
533763
854961
392547
275426
561499
174057
806756
179675
329064
978601
954709
408751
283912
892792
577523
200514
11967
283818
433569
489347
658571
460073
783808
178020
778823
14774
903187
212750
542609
670786
984925
183684
424973
298500
867279
523610
567810
488504
177151
194349
788795
31924
612120
134089
839371
487630
980388
293463
218491
954465
718230
408557
104286
681251
852047
606006
530948
85810
377187
569194
601968
874443
608975
603246
902501
978789
866426
682791
733118
241199
718197
446811
227825
521717
358926
176033
245814
686426
642661
145869
362228
326299
558848
422264
121350
891848
311729
220611
456581
609088
292946
565030
301166
905840
224257
840832
393630
787315
438642
18961
275275
61028
23036
102419
673078
271615
595442
794538
208734
848820
36310
309137
474861
457249
447550
19576
962630
259737
625177
996580
868398
806064
666693
610117
636129
228345
355923
290660
661302
911813
148229
505294
882273
747785
215917
958179
27195
698853
905797
287924
309345
50872
925258
542241
750182
965683
556320
344991
919445
718120
938765
657196
768001
163229
359947
651908
777158
856390
270652
721370
881318
273910
402337
306773
873745
427594
627558
711323
118608
137529
700920
780857
542151
734286
1288
228166
903813
704467
943995
637908
953049
240868
774912
491186
80116
410439
443279
336425
779029
921247
284928
675845
962453
587531
478100
373775
255676
669216
58744
134631
976322
773594
343662
161888
651642
494552
491609
247563
733419
667007
318338
341340
664258
384920
637240
761151
789989
40688
800805
851459
289484
663594
428797
185428
260575
648218
794782
261765
926638
930466
384322
46286
633527
282902
836409
602428
367655
775467
654170
567389
712157
347600
957402
890066
569739
858324
979935
595609
337821
541215
542577
987573
895621
516767
450937
790968
283623
692498
967566
234436
275886
767781
561783
581895
431431
291117
595428
854369
219592
970682
692671
584114
271576
420154
751204
981840
857804
76681
44656
231378
804834
158055
635230
127062
860767
634015
333936
809169
366772
80471
361859
394812
717752
777408
167926
896256
129533
640795
640730
730151
998578
586305
715513
27197
549106
182287
228565
249900
304609
304822
194861
462395
116548
834647
356547
185784
325287
236042
745914
936904
20008
442075
127841
679503
326276
464438
817331
790186
643121
497293
655367
799831
694869
857933
936699
399207
376112
710310
375019
688240
11315
312029
328293
68590
458447
311622
941467
726310
754675
680691
109939
934311
27662
709584
317646
74940
742745
409310
825604
703770
737759
690199
76958
651900
718294
699734
414020
577485
966047
6449
432558
415252
480778
838313
930764
885918
84402
735847
749078
822335
543738
398910
558351
541173
77770
255600
647869
187219
728634
805646
43803
262619
846619
330618
23721
433552
285004
873694
317325
502522
67890
937946
700629
971825
52546
332353
221536
85860
123069
276180
392445
985268
390101
171649
32841
893367
387271
431070
144927
283122
14023
712007
581164
550796
653930
987589
943626
816646
500880
501774
921078
763730
872822
543229
111939
174467
815104
221323
48837
254616
865646
317383
801250
883811
887946
372095
272130
561616
942719
116227
556117
118051
430158
268278
935748
420833
102492
530697
371196
668805
903993
368277
885966
776366
260965
816424
609759
692215
832880
400007
236643
145911
868608
192102
452515
969808
840341
106649
826932
239437
347322
464944
643133
734149
647846
900891
637952
672724
114768
683407
759213
721752
401556
327308
872001
57718
961152
321907
373217
417089
849228
55314
239635
372924
941092
255868
779133
492767
499531
892053
51722
882513
115918
737581
564552
717241
734215
644731
594830
520366
21193
73819
971755
907757
992538
293359
114968
230333
683004
858294
87281
871577
304314
209698
858619
528366
974936
310645
952186
178521
542845
923102
197320
909754
954091
126425
82916
398904
472679
619378
660823
141034
709851
670490
256603
475997
415470
80749
442107
79156
254017
946296
448325
242133
41553
937652
928215
814301
251111
92851
373394
455518
198819
158772
930567
787491
938592
448095
687073
28654
41980
359123
678397
278586
520120
196377
795330
920859
455373
27688
154638
243802
883358
262431
341178
420160
643814
633672
471317
417113
537629
692049
120834
179388
851273
356554
416421
450424
113996
689394
131040
820509
650428
397921
345049
514327
879318
662457
246324
673081
471339
644168
513467
688098
123341
443566
837023
904744
134946
5906
109730
655904
521784
474875
476818
5999
759674
434497
180296
801173
490894
868908
853252
958493
114649
640214
348880
538088
419875
768445
170166
480375
408487
879271
286988
104031
233324
757537
736694
126489
523297
765256
683321
912914
768067
345730
991525
580800
850866
905877
540692
308204
87206
541640
641389
21841
735620
765992
56902
119954
633223
622757
771098
695286
451690
327524
42296
254133
993357
212955
846001
83929
349681
956043
47413
938730
485200
14623
233360
190049
367923
765141
939500
845753
936842
208633
84104
829406
465608
157589
592631
383304
352702
720036
971438
859581
443167
177568
345175
986021
789387
628425
149019
93107
258525
771494
270192
756719
154780
369832
622692
982803
774699
516100
585022
482876
13353
874413
629031
14606
138500
663955
864886
980608
119965
413041
769154
585252
861790
235048
993524
925092
5770
115196
970936
682090
298090
3672
357531
705379
945944
907271
941421
343160
316505
480153
896954
279884
841335
56604
75122
867718
830090
774330
916876
815807
216664
139264
266303
688165
344212
974392
186151
365007
511062
331137
149464
542469
112059
775397
248891
508079
389896
300538
496286
404839
975343
107160
907835
348252
339522
228221
978461
331158
981214
163133
186181
694610
543825
312104
145669
987289
495322
999631
818311
566797
655046
774819
210014
356669
908899
602785
562113
683339
336464
870340
866299
795561
998865
139728
740510
344254
141926
572665
831674
127837
728067
110843
593517
987810
194748
817091
431923
559887
588593
249365
334722
623426
439532
260079
136716
941406
199229
446812
176619
197872
479924
299287
193854
111874
487676
375647
534254
240931
971688
631832
654774
928525
830381
561871
585196
196745
472708
43492
26308
160628
825428
672498
210129
988962
792292
52262
438356
936912
492727
69134
490369
603920
196737
599904
7842
763884
342736
567063
167908
354486
616187
639910
290679
377917
296144
913719
345822
294293
423172
373706
446808
534895
142588
252959
421483
697690
440831
994031
562021
983351
744227
71953
527828
43164
287247
611283
394489
718396
778119
966303
605136
205556
595589
219008
448342
663233
968217
231875
727415
79455
968323
769247
809014
317295
887805
746980
773563
115470
658475
391654
796382
72977
702825
571663
104966
189146
920579
805839
211987
517891
88510
1852
480393
618721
490548
543200
972115
328575
333280
187691
766380
290803
770276
330076
120748
732864
447151
468878
568080
66819
789199
385287
431121
79892
719527
25326
666792
753993
634351
558229
562291
700727
176733
496999
73938
835326
482672
950868
159252
760570
460670
752248
893450
941150
732154
324767
90205
509128
66972
491943
998636
329778
363516
237232
568326
187158
611946
576670
459346
587666
969660
44155
926323
71611
380227
976634
157051
645419
575264
704395
803987
721439
425523
31572
550599
154368
28151
209964
851368
906185
307955
343509
180194
311682
132029
429811
675794
683483
416163
374657
176261
626102
251443
687999
9157
449027
454523
647129
811926
179351
433065
128427
761405
878473
628415
751570
277465
355
146358
143004
171419
546920
870002
990854
639751
67521
783498
895639
909276
769273
267624
816582
240808
740990
576986
611275
135416
303626
121985
873944
371727
248744
732896
511476
180204
535652
846412
755824
946047
77935
155492
421558
76943
632161
897325
607143
981037
934341
13648
564387
700303
786933
57382
624091
638652
489471
305563
311122
849075
650516
430705
405930
299972
72093
670261
811891
50522
759275
859698
36731
376857
100843
300165
971207
580152
249726
924153
641299
75483
402145
479961
723231
812326
344034
643794
707344
618003
229515
88748
187883
610178
905112
89966
134699
431072
674184
774799
433542
758646
849814
214252
895293
629389
893705
331024
693551
264344
876960
444856
848927
866798
243206
578424
561517
431570
288449
594039
735246
991333
521157
435035
435474
65524
183648
796705
357613
792269
307553
945339
381521
178007
78715
403863
240581
263157
244147
350509
470478
147589
105229
582812
300038
698518
329000
631073
486098
281769
158222
560547
289949
350736
287269
883228
531766
360873
720982
356520
497865
10498
134208
70962
752428
463324
44779
950020
856790
119551
270503
13258
272760
576487
507960
188382
620980
543063
644800
96703
834432
273350
785567
93900
455634
638329
975930
169799
618699
541477
4413
252317
412739
486645
118364
291483
419656
298635
166141
799587
493006
545628
262024
506649
786839
374546
26093
643628
768453
646687
991820
807485
695552
677397
278144
807906
179995
383244
677319
852898
537520
305958
419004
105004
452702
505286
265698
118674
395836
260072
470811
623558
486864
257707
712832
677261
624168
943447
611591
893931
532068
213236
174555
113756
553536
208188
431029
87429
6471
9449
468682
709975
295433
60963
771631
446353
19631
434454
51435
668761
874306
329702
684838
728637
438019
359824
386775
36612
623235
379302
5332
493571
551478
795019
218608
543805
91135
940095
501528
744111
904642
531682
266219
152307
741743
507082
46836
49301
342466
683167
170152
507612
873819
805839
889199
335169
643688
125808
500641
107286
398551
969985
315798
986840
865176
346775
720197
793031
820588
705816
99212
810810
459769
244363
177822
256853
272884
58717
856925
354493
517235
543040
191313
394295
584283
786724
402437
930083
340719
655849
717079
361135
430658
988207
164232
832819
989276
35454
72045
205974
455642
2369
883356
484846
830174
702491
692442
187815
883576
361321
912250
617883
586775
270946
583791
406824
427811
490649
51432
810010
841974
434584
120446
443202
718804
537571
793950
499727
595601
166253
731345
640959
931690
235183
717840
323607
913580
106781
495573
13791
421855
40496
456318
634782
474434
378824
315828
396595
792412
567769
140604
729360
496481
69645
55414
305266
451627
747233
956257
417466
148022
316247
42328
618905
637893
999793
201077
859793
520210
970796
212096
974809
892293
514750
484158
444260
899132
337042
408102
795721
137679
593284
429853
265473
563818
750427
613030
596814
307366
438873
772265
919616
214410
954193
896612
626068
330974
918476
316584
500596
370186
974615
13214
156475
41918
112965
390573
66286
525051
379009
96291
566062
888549
494179
230870
498124
570985
94630
398453
424094
714928
977047
654464
808207
429004
183376
809503
921347
187460
224963
364925
153169
262233
212338
520525
423124
368486
252324
858215
282099
224904
411430
892774
746819
190586
817220
453386
45295
138239
967003
443061
66949
174158
225777
382405
70665
36259
838968
542261
364538
725589
283514
783648
196595
908330
302336
195722
631424
393768
733956
778094
500224
104197
487622
636501
584518
367662
437378
489933
370626
820988
889221
313955
228148
390426
682808
923193
806775
421236
175713
831818
756721
31771
941607
704438
505993
785480
819928
160868
257261
3320
183721
105781
780749
766497
18084
855254
961026
106403
719977
925770
348815
913784
737923
387097
88030
543412
40053
964081
22453
70395
165989
346810
214523
214603
503740
569222
89889
153237
631897
142612
555455
147559
2901
709370
244408
163077
817259
137886
363085
535488
151423
893901
994923
490682
273018
363331
826321
165032
674345
731871
447432
500008
700509
577171
803180
531426
901130
50055
629737
857064
935691
613176
461768
484983
455274
825047
142536
889871
673319
474689
121537
662312
257502
229208
548734
673302
998229
60772
929483
872997
241692
855376
938687
483937
817980
927783
534434
873284
440530
751436
811147
890680
903365
840779
708920
313491
246879
409154
292639
142963
178402
74120
524730
682215
172158
677256
214666
88303
748847
686465
915898
665024
517158
356057
449954
912822
70772
963995
74083
967425
218044
852598
614245
869764
125846
28139
886791
761063
732829
70762
356211
623766
304876
198933
559903
312321
45077
417458
86259
598162
145219
775073
817458
874856
423712
649523
413389
302663
73022
195558
386750
949503
944695
426049
870886
602431
320140
116865
378004
164365
610651
887789
246199
22558
680284
879910
256260
317379
30489
343283
549642
231690
45638
660626
700866
424398
490022
446387
392061
103230
377411
571454
659911
861666
149423
103347
580027
187292
943988
720392
513554
736452
438174
67712
644961
658722
917470
481355
881163
146514
186124
362478
411149
845190
650174
958970
964812
296754
832639
780331
658128
200438
86160
356462
627603
85844
207506
852083
766298
738157
130643
648221
696417
334572
271099
653577
642988
839199
957180
343040
297830
674375
868750
653884
66474
605375
547466
517995
672344
17934
560697
587293
512208
556002
916351
335556
542653
578510
184482
96317
961973
585592
523106
229288
152729
992931
980492
990173
347100
859445
600332
562659
203863
555677
281867
377123
171964
534770
655079
595250
377530
528636
495372
928058
112891
801590
254623
841543
918070
989289
576298
164825
457743
960085
231356
759337
228244
554796
529606
358812
321285
34275
531757
543067
529537
418827
35258
961993
755992
176653
388207
463288
217666
239240
992088
944160
616537
285021
141775
927306
31754
517748
59839
589180
969698
434207
457595
111969
787738
291424
916068
786311
277219
280793
88313
765090
371101
124554
312535
342074
27041
272290
449065
172889
390596
716456
330548
453769
610187
257179
95825
638800
641059
622373
197082
180516
621764
20012
867564
771823
558077
662835
402915
858605
187757
498706
120196
73515
224578
82988
24123
865771
937412
2433
846751
172186
185913
135856
644737
226125
158908
763791
561154
671284
500001
635275
506555
959572
367368
742454
250179
650686
494299
863470
823021
339948
941742
481091
129436
211731
562702
720519
814969
898901
474060
352773
909809
928666
737749
284371
402761
639004
567103
447949
961150
241568
11681
763812
235030
958929
913217
59372
766155
124509
921193
596676
510240
588165
137751
97361
324005
886422
287353
202014
959788
158096
462743
459249
211920
523633
102671
197508
735618
899623
142590
716277
140977
981468
581897
485116
910231
552557
382380
45903
67664
263042
587536
707018
666122
149596
986133
246460
440838
947991
259898
367142
709762
927
569142
439556
162555
815589
65429
960146
320217
843898
83685
992024
157189
151652
258928
635631
880564
821875
407417
286299
119636
935736
364217
824610
536175
228561
233664
718950
939110
56715
747537
754550
135578
476302
382656
426968
101406
825387
74216
199518
755765
136221
132986
920590
331334
716257
113446
946354
548305
329641
633742
203927
889698
731329
508436
680265
166505
163243
933326
217801
658011
33919
429950
809104
872389
957476
407878
295026
934674
10570
76164
707176
130554
371295
440353
966818
757362
772755
112157
556455
646132
136711
773306
794236
930421
901888
211049
120186
692402
296720
867331
742882
370369
483261
19540
384980
587886
998126
223748
700821
702332
712758
695490
695229
705639
206741
564824
646600
575110
22254
713567
132587
546733
905612
783249
186331
111837
162923
577363
294778
31040
466308
250300
696171
734439
486049
815038
467523
309931
277325
799763
409527
226154
195254
858987
814840
320687
106447
971264
325010
270233
248015
833420
981823
112821
744244
327418
444309
51355
904423
839247
604449
742068
557446
158658
668620
357903
595647
485134
321976
942855
281588
169954
5007
788432
358751
164857
528518
135998
120381
650044
158772
992367
404835
918033
514172
321719
750841
506546
472372
969370
544336
775671
936031
320308
167837
549385
509942
642592
904133
987439
80482
905466
238336
546532
570290
71014
566826
576443
662138
904277
196661
325617
3653
771447
693452
255372
573264
730932
734007
233024
56176
550419
919810
692975
110512
419289
327695
862806
877070
673744
902543
31770
40473
416271
182498
753070
519752
668051
778635
218266
855542
703760
606209
837053
411487
30598
860882
385688
672034
416022
522753
801533
417671
368727
489246
911884
353382
304549
416175
573151
90272
280471
665797
999451
595348
14036
329024
245085
249805
290218
323705
969195
576198
855961
736622
890691
503209
392123
84625
677663
84198
894377
505503
722587
609796
153993
514447
897527
301788
547638
744907
875958
18490
292273
61407
937161
225249
819528
427843
714860
81633
632792
959598
309181
255860
714178
307409
750377
758960
573700
761248
197046
367231
575395
257840
629285
353307
220733
78197
615214
685507
352753
504464
830295
678681
482110
483501
669536
770377
837306
923374
353257
208141
652253
198064
338000
452604
879038
241165
495311
486232
672594
567124
49089
67025
199847
832342
463358
712861
198737
392045
926554
455184
682
220490
744113
285232
652190
765405
429437
505483
140479
546161
428210
545938
801076
142758
733286
11942
660778
420117
744367
679077
78364
98206
430210
168847
889887
276533
865897
733697
689193
869252
160759
197529
131991
947191
766786
16915
146029
572313
499307
755536
319026
104649
139006
842689
487869
966372
797709
490327
914081
392400
504050
95429
139685
274091
542640
589562
611841
814652
490416
415686
948309
848428
831661
811168
435497
345999
67225
534088
819223
591824
495222
844704
691664
991134
710269
863110
899569
256687
926662
112026
661089
153678
776573
435150
947446
776845
686490
407281
165452
58735
977460
800294
223058
213568
718392
166611
286471
625215
110191
632684
40312
191656
251119
720037
224652
739083
142413
789164
7113
929377
219078
414404
826688
693943
638720
302241
793819
725015
778393
909477
662139
971458
219345
367286
590793
259277
635730
791740
728714
9848
295339
185795
73814
42387
875159
427961
55993
746397
862211
634255
709029
670019
956784
517655
999894
845167
530169
352246
76170
507708
371928
976066
922054
402492
271168
725848
24978
217767
767911
728009
131522
962476
656452
313169
451253
396916
112163
518664
307748
582244
915550
569595
640102
308157
559049
989331
982328
557142
821524
913418
536436
47343
976425
516979
79139
608813
718650
490945
682023
786549
852609
974115
503617
431266
295990
51546
346963
562174
947150
551934
502840
356784
967408
593850
641044
823255
466113
585898
470196
61705
106036
660947
105217
154162
419001
248058
440016
980718
904597
615847
680160
190018
929607
948089
313550
883414
472061
988914
959293
696303
747321
401781
356501
568755
811946
972428
68420
40164
228181
189877
424975
299207
592132
314259
499158
783149
735004
642450
84435
890853
733815
548706
894793
893245
179159
990179
968324
493489
443734
165381
782489
890671
344236
306739
718524
493747
111348
203835
797747
823636
665201
517831
786013
818569
472811
155548
510077
735360
857341
632211
996203
506979
143786
812807
719100
526914
200327
508185
58268
389102
209670
773877
14388
230044
878543
427328
684141
541006
833376
445032
446910
337775
541743
841538
832856
454872
856708
726271
49335
672094
599573
475071
652271
242587
765491
869121
99509
960373
481858
961546
232573
578720
670111
613022
55728
194443
714786
694826
538634
102080
36663
548183
197106
191426
668997
228382
547845
471940
194368
593377
280297
488425
762899
465861
301959
100120
506747
240480
995226
577923
873469
238832
265611
306911
374714
465422
895334
191206
473382
176734
182617
340774
600395
170946
785012
248218
423671
397783
115407
95333
778373
684298
395698
408306
268574
690233
283844
802973
38559
290914
226346
907575
332428
520789
271435
635662
166844
9420
776058
908708
516333
478685
313530
226227
792541
547889
876284
20580
744014
536852
355432
447960
319802
188797
409120
439153
391894
248317
784362
184702
247946
379288
90805
480586
520717
605591
767673
351564
227029
351562
15600
343498
544618
901332
357317
992552
680410
692177
471664
274880
389315
831669
640893
479861
426196
111855
951395
999877
651675
16051
478726
895398
517770
514856
484663
166784
490252
297373
39072
452074
776084
682327
775684
963538
71486
681650
197933
426647
624221
21288
689636
531042
426273
912711
724201
896384
663274
237869
925884
369327
936025
348364
289283
335190
238473
357630
112248
984883
464158
592767
823505
544957
987524
74578
102370
291096
316566
795019
473108
277461
689498
750660
65365
828186
909446
118925
55998
85606
649000
619701
963870
854091
975258
410736
722574
925497
513314
703278
428815
931386
958981
293721
864683
261442
521689
75534
610842
586958
49463
349038
339317
127073
422763
535993
530263
706543
872148
137757
446155
902679
11698
823777
529889
84938
526859
803024
463636
50251
13636
627068
966833
636521
644332
633501
54457
694281
298783
20008
25788
685830
371542
155055
131057
592183
746387
479350
576980
430281
123709
705389
181590
341649
682879
497835
172651
7149
222013
74849
386492
304571
467169
884032
623750
75194
713679
569904
969468
459537
611854
622377
858586
449506
484839
801889
506549
390586
152493
426891
516254
132555
899791
428157
664375
376274
734904
794071
106006
836190
855099
39032
460538
993567
272553
442195
930385
339566
975073
988239
587894
634724
392493
894462
445246
746175
213342
985658
769556
851648
403216
651707
372590
343612
564798
556076
623497
22511
8940
484423
47094
119637
138107
282569
93826
353876
754843
277368
637417
676612
547555
561953
882308
497751
220463
386652
125594
983496
272179
660479
947526
911400
151735
596678
296933
127016
690773
843952
115829
828128
70844
670359
195343
834060
645409
957684
146950
392019
563638
880026
566363
491124
127515
826344
166697
170455
566406
540752
63230
822328
215305
398908
267817
329665
482277
28211
835875
555859
989656
414480
140860
177030
850588
417214
186522
619208
257143
552578
930665
404434
765013
351430
821580
272937
367430
403102
386818
630958
408537
831698
254934
631901
815424
768550
541968
764163
420112
931265
568924
595514
166974
168289
678824
592517
266924
386691
393183
313621
990252
668796
440946
945653
236742
300779
842233
279913
865225
291404
534078
259602
578211
482397
294664
524350
470874
421395
900795
14985
139068
997266
7447
569593
79242
393733
12781
244759
346272
870325
188444
492141
797301
773475
927033
618268
242713
674987
574786
386229
873030
823178
87373
804117
863144
338749
785924
532330
897620
609935
474630
646630
900050
432522
543377
777929
821656
199334
953303
892876
717895
438033
260026
904740
775054
562675
298559
874678
507936
575721
563801
462935
243408
448324
698781
811905
376698
755563
443830
721415
844602
280735
511668
721749
385283
569670
30389
424862
909924
893348
747118
545622
470281
808789
661175
208917
239306
309626
419239
256516
252058
684485
540805
16692
727342
197438
951283
383026
865364
190670
47481
656001
776776
584553
673117
85216
625210
946747
86130
124367
545829
973205
856704
980633
761301
876424
409314
663500
763738
329013
348107
470512
699433
448548
99740
680588
493076
119116
35369
131892
104129
856076
19702
660827
951254
325456
925439
795820
518224
717969
336706
903948
230976
727732
840935
956859
40616
878434
721162
487048
451655
413304
820975
830389
979119
865613
829369
601766
279244
598018
422271
726370
539386
369220
349705
962725
556119
948132
630612
8880
808393
783714
542605
31007
440619
939825
66252
702612
413195
776684
742761
936472
209897
731126
702011
317359
1553
481407
748835
11795
368568
885572
597986
514092
678620
782407
152875
401957
262920
147821
793126
512257
858627
530620
787072
790229
380032
360070
580058
100037
719080
988750
77208
694463
476033
379847
740222
146926
676156
849298
721493
735788
615525
39364
385110
86501
377588
206815
889030
911382
993174
556849
103000
539646
544427
792835
558362
121275
157244
225982
656046
156629
962132
671948
322570
936510
779435
50327
756541
401003
492716
278760
451585
507248
196979
798326
772395
781073
294006
946857
122190
943510
474542
823319
589821
328533
218216
946240
335943
17929
919589
541870
885594
728843
575602
94699
504103
626735
336016
144150
122589
923370
464188
343905
173620
150333
14144
314057
614136
274589
830399
405757
734701
482039
998487
932749
707653
146457
621852
804650
876611
829854
739531
484158
31655
628451
872231
92954
834287
452540
728642
571893
894739
676345
265287
63422
996215
132334
676542
797197
92753
932967
193153
986844
217505
867287
102108
268122
950549
161178
433471
181087
972118
473916
867310
648343
800245
972255
635927
555112
319934
518618
863159
315569
408267
827635
608541
376636
56138
877799
882320
789337
839405
39201
516263
878249
544272
784849
798200
132374
46122
517413
783139
303013
6778
194474
6856
557801
626996
538092
439560
201540
218197
229174
750842
60231
982418
485772
198346
939560
636100
48837
895055
12416
290322
730928
138118
806154
727477
711393
938933
771497
730742
980111
663684
637628
573095
419091
565395
895711
942576
332351
396700
80371
348889
344965
74556
235743
513549
846632
766542
387427
931713
6572
495188
611314
959612
55735
578305
705703
250716
567296
722266
825400
313312
308919
174513
294511
643762
246756
750866
332892
120670
179487
832114
278664
103360
992764
590717
927145
390967
242734
206262
3452
252540
597430
199799
426725
353017
443200
277040
441776
466447
444618
354162
715677
107814
651142
744369
344090
302848
70208
110225
887020
244472
44018
603616
620008
941797
392784
496834
758958
464573
181638
639981
547958
909442
523093
717274
25444
900437
420276
483365
146173
160149
56024
193525
989511
926942
347984
206679
392543
387516
728734
135111
84417
301805
339041
561676
871544
620802
979451
937885
798024
446074
453774
291081
163229
394195
333962
301100
998199
8856
671539
700249
290762
348114
309556
817437
907949
580935
748431
634145
204506
501465
378478
690318
674531
415828
825736
66207
752808
302675
81651
905999
137030
438370
879635
483341
484658
658545
566679
647521
170067
508568
21718
461888
235090
967650
239365
815363
318614
913146
459291
457527
446618
802404
555444
859823
812165
758932
676792
472642
539427
531975
867638
981647
825840
112020
501825
855731
430642
713509
630769
693946
528996
720165
551900
741354
458792
854979
50018
874934
112970
40356
773806
755199
567938
754953
789882
148816
523062
573949
414973
314438
908835
994494
918236
653689
265621
232115
552020
734691
734047
328978
674026
101559
593829
764697
58424
514415
422925
806385
342722
919864
280190
90800
157983
199382
676244
436996
60185
811445
77355
598127
760141
167310
710757
222492
250159
184514
910604
142047
183918
63421
192819
139857
423053
450762
905581
983961
211915
232138
343320
209710
614013
586872
638761
152726
834377
100023
637868
761284
596460
260466
707778
562162
798004
534613
75010
676721
783531
240044
351226
466809
919641
720810
422439
337085
43885
83008
796918
986255
754162
323933
886745
512649
524687
142735
88288
737718
206278
603946
653803
19331
531319
601255
451283
859204
700300
846098
413613
296791
506442
853396
285949
136345
80446
530453
945637
467752
17503
643880
610741
720647
413738
210811
72986
819029
218625
830996
377538
491453
901869
580857
617911
877477
785560
283780
746751
6911
909097
841642
473571
597970
118633
608519
59360
436183
289723
139980
572604
734333
102780
29645
33680
821700
538789
83916
605023
689122
963170
638459
439299
236164
140181
187643
456943
165334
619854
347689
368956
340312
576626
957529
436566
374461
367212
602511
727013
812884
780718
36201
488557
286626
287349
637242
154304
86510
439314
591978
567158
704115
708814
613300
35836
673385
276261
718919
161788
828910
499128
954335
132275
804513
701850
256043
601190
650418
329360
428657
743734
153232
900330
130412
903176
473125
613178
819445
304482
825022
46249
183289
469692
252241
99095
109477
566311
126299
102725
982094
859366
129542
706402
678507
444223
377696
889274
768731
404388
918349
358867
716659
424586
595004
316916
637962
511598
235069
447351
250380
945732
572867
353145
198709
182004
313027
537228
924552
313182
186656
938080
5802
11277
427206
982877
796762
25412
358301
598694
133899
866344
482807
743952
636156
538037
211724
559608
685930
29567
950873
972795
250111
468696
533241
122089
748603
455887
259924
525630
945142
572359
210891
378586
627448
956794
618453
552332
51662
874483
897235
906359
894300
831681
745481
652285
694259
379552
531427
301905
759450
694419
580498
209040
243556
412583
779103
646402
546453
922174
76549
852106
356463
921029
724724
757685
795292
978514
563842
755714
527474
274640
304222
817246
224193
147021
112986
13543
280020
462978
128775
93297
82254
289256
883528
147045
474144
775430
505823
640579
812720
342675
82311
655097
157362
455073
982325
290118
153700
614798
244950
25115
362874
443577
378631
344621
951437
742880
322388
580178
144654
838006
513536
375118
980347
48434
43917
426483
140007
242753
351925
182140
332948
639664
342724
569853
150456
233274
694347
569944
472079
197451
281257
917996
250238
597406
288265
500531
679817
430847
1069
213449
967384
334824
327217
895335
420733
37522
363875
396491
421005
300908
56463
75783
822553
863501
820120
391834
850726
655359
34137
467513
846766
528681
645819
341706
895942
16435
280284
657017
352115
71346
40487
554254
928873
934845
398284
759750
277543
23194
637623
478580
856423
634034
657578
984873
145274
774392
494359
451722
891878
182716
765983
806676
565594
385296
90374
32176
597623
119826
367268
532990
86680
909074
300523
807365
153874
236069
498571
164762
924320
697243
681668
440579
375076
24555
171861
296292
41828
171209
688997
543828
363600
725593
408146
533412
154721
102763
484857
953830
766532
531061
760661
281170
123609
450849
851410
978145
189984
251496
999360
34960
448354
438379
8410
844723
802073
776568
616539
97413
85203
617121
991449
95232
161406
260297
931564
557384
352821
770073
528933
945495
543318
210752
98105
520214
967106
921918
470549
543788
789686
605987
156467
34618
360786
703129
628029
896751
135279
608050
20980
193530
695345
871512
846400
729649
521867
193482
453434
589998
453017
444857
220296
57498
820340
193170
485362
165447
980066
575679
268311
576982
87079
519262
451476
510449
905023
599915
529792
181575
166294
831232
574029
332799
114611
651164
765301
310702
790618
953885
171353
714158
293589
958101
973430
604022
962691
314801
720813
487376
522965
900974
509373
978240
225998
976426
450432
706323
618027
3199
419172
842520
92430
647037
544688
654408
434500
306754
176218
621828
882623
959494
791460
302593
23489
377847
924859
961271
908380
565532
224315
842696
685889
395408
984329
919416
745891
422926
518031
992251
741316
698560
519816
848775
677300
755285
855592
535544
145676
134691
972106
728777
481696
887897
450539
566853
291224
980611
302394
546539
787445
891346
859144
383478
815185
849399
341903
963619
400415
607600
408021
826079
693335
963986
298468
909925
216723
729777
957764
656314
51115
555627
302457
102184
30365
298111
186341
346156
669614
998767
384880
646115
525755
546633
79083
549620
38680
118768
605794
859692
695137
54227
161925
638165
977322
676268
955723
94149
329357
22781
506110
399878
477070
194679
82930
731353
413523
975456
844312
989106
356261
750802
999632
595349
832787
810029
916153
747264
54487
46325
773655
562282
437957
165609
719755
431667
771424
46754
635614
538143
668055
651995
400594
146382
470576
452135
549086
509293
582291
43539
972870
947676
972104
426634
709216
103532
175724
328962
343543
443870
669219
225209
721165
789352
606887
141611
400570
370831
276391
872794
717719
774756
413172
986355
882654
282224
107473
102395
604943
742247
310058
291832
682449
413890
865903
484132
558749
296711
738164
540863
963992
581656
622820
666532
712769
382626
48836
674863
587784
51052
264761
92907
627466
265467
646499
110839
774828
571803
555500
986195
66195
659306
25502
892363
875730
629328
468560
812446
117288
805085
992299
715727
118335
657992
152652
788055
392829
965225
156338
623590
213530
352415
200046
366854
775831
251118
32510
692564
572465
241570
718237
710119
172805
669294
161522
401905
181341
364634
547638
382397
862957
771364
810835
594756
156509
918043
234654
783256
29676
85563
408115
954190
843148
41490
982382
558407
430964
687781
541458
195763
937328
32098
957382
89763
449051
148932
301024
4321
605516
482484
461917
29979
556942
385860
175991
978054
664814
510994
166300
599471
366421
67622
74168
380056
425854
251716
906997
725814
616997
101298
141748
709302
334345
203367
228587
914947
434280
240652
495343
872133
849011
896739
916530
419674
560333
5013
892792
874447
297296
601922
280940
82819
261073
577299
202319
797883
270638
594417
560691
71004
741767
898527
95455
647386
589957
635163
995156
532627
195263
366869
907349
475156
763072
518985
876437
970335
13176
786388
749462
745074
166176
745098
982474
150419
884754
122107
572653
899426
91750
217583
368332
713226
741
550044
971128
792422
578813
288679
891727
509534
880626
263038
679886
696958
288490
332102
62293
206261
555529
839515
789587
399101
637606
389167
600555
682607
461028
130300
520000
61682
769554
875296
874160
641379
693791
716381
598719
190686
547835
462480
773911
617135
360386
803914
80452
301444
478674
419916
277921
80427
128757
411050
172446
494294
568843
79740
58669
911965
223917
488991
417380
667472
87320
592800
414214
306108
998732
682450
578392
370385
13957
804233
672849
900695
555075
594028
511437
89034
137837
379483
177433
163863
193304
378504
422880
154666
173887
984698
418797
666013
629507
403719
733793
222223
400420
227129
207142
915589
158497
480302
631713
854560
924952
798546
330768
440794
709284
657688
321314
327093
950785
869167
831000
808447
447746
311985
921281
307075
429772
586044
811760
467380
144361
693460
444689
235072
507578
23900
570922
635717
976043
59937
890665
692104
929452
656809
297458
377643
534044
820338
323939
318133
511085
574355
104336
193637
600790
968584
510880
483660
447403
155406
244432
933766
275381
584278
63027
620251
580321
962925
531253
967545
43752
632347
732316
484785
947885
9722
708199
257487
939697
810830
162715
859321
37898
892584
765562
22691
221245
909289
671678
359563
843366
259028
447642
874357
987616
333987
680257
211731
488881
283940
2649
698693
616280
894014
233856
880442
551810
948783
126684
687673
420434
338677
193123
773660
133212
528548
583077
50666
520057
510221
109977
312456
374789
442017
538821
59338
652705
545745
357936
773451
816374
415177
914656
660537
944404
583368
330789
443620
924148
891170
678556
493984
847007
301411
917007
253425
341120
220907
663128
136058
492502
709832
679306
868720
294004
975088
169334
831362
932196
889293
64471
974566
133007
380975
687319
743311
904393
810128
673066
23236
701888
913845
467032
943066
496082
21518
955453
239682
209086
378022
575180
33987
596613
815048
622738
717815
576977
14614
114760
593582
687114
684117
926280
566300
739675
603163
996870
469617
456200
160969
878470
232906
283909
571591
400179
583541
864393
766892
618890
551222
201974
645872
570847
857237
695226
579586
543020
785257
820869
944685
58394
570231
805453
586152
392050
843657
222546
31328
925672
383941
840870
710019
237244
141096
424777
23753
673977
362159
526956
899834
356324
404621
872485
421492
271071
567711
1078
814091
352968
821946
758776
925565
906381
78434
511717
298432
436296
248468
843963
361968
146613
684833
71987
898060
825928
10968
921812
499906
887331
962973
913944
243655
367594
786429
665147
152870
868345
180429
966960
221313
516580
239941
146879
422961
318375
172800
721392
754670
935471
79560
630842
82084
764393
217033
980144
104526
742204
416161
118636
629535
379134
32580
873190
260933
333214
52542
413802
201559
232970
380762
937075
749549
134907
598158
172511
453281
285163
408107
722155
220634
1872
867201
302718
766264
84234
797066
870789
826438
213227
503630
455973
592361
536209
843367
367498
383627
895908
781299
585185
128879
676265
36466
392632
811171
634623
79347
778657
919785
1659
15017
654624
3530
882218
957341
769793
966451
268612
154787
307094
481838
658416
277272
74199
708830
120639
441696
92457
530752
737199
191847
659630
927668
228312
566466
738840
377139
645813
31702
811129
647471
46718
465753
651000
928935
937298
934997
409592
205910
603988
716685
687747
776609
993956
276151
485439
628800
232051
92100
159552
483455
798150
333386
411123
540666
899851
664167
917805
59869
695868
728934
707339
742586
708891
872543
185726
160394
807540
595317
366303
925733
826207
568254
702342
334368
358609
701985
963167
104865
308289
636923
588319
106440
484513
513646
647105
898569
177814
79115
958437
873681
322253
179982
130472
31144
52525
316198
191537
374270
425719
72044
300003
251926
154503
516549
586294
513111
218534
63666
132180
526822
700589
720498
633261
699306
234145
794571
597875
926162
873685
556313
799843
195939
250499
444520
741286
303023
274922
932823
191497
700640
519071
5704
952566
673573
522252
53065
700889
740785
116730
833068
781812
331523
67772
415073
30830
816120
723848
628704
742282
111739
699221
56330
307677
463924
15054
48963
281152
289975
495990
472648
990615
15062
478352
457386
202839
514808
24655
417932
255594
141384
251001
37406
987111
832976
966682
532145
163301
204736
675053
419787
316474
888479
476116
624150
352403
491170
187317
633554
781144
197512
620407
285964
726777
98759
743349
929615
613566
768003
347548
383364
423592
112753
934973
924907
459933
415861
457052
623233
620596
646309
43020
937069
534788
33340
561219
887191
38714
262740
34950
334063
460251
655356
620026
187028
268319
877580
630848
396090
159788
492600
779453
97584
119557
714427
22491
579489
130288
993746
716926
265088
640056
759945
202157
689048
307489
277580
576239
346203
540319
611189
680265
514775
780749
300291
701802
49069
692075
846854
445158
851863
339454
224611
949446
459010
453242
486142
552703
97734
994092
269629
362821
634148
543778
79182
837401
851267
356761
413640
197470
411285
539033
391939
926059
319783
206434
142066
883055
898509
988920
328213
264577
328374
67028
728227
301589
34475
214369
854291
646412
722666
638125
9234
871018
181903
602619
708419
33170
959380
122060
744843
370665
175297
650986
810928
9284
857420
952993
892338
270134
456118
734755
534710
298697
801783
777141
600285
836257
505715
968780
482669
228381
606905
6107
99399
788808
608726
807818
336182
82311
444082
595230
967179
619378
246216
778107
142867
617840
245305
549409
887973
701423
284165
936887
514324
85948
228234
114609
436409
733948
83389
919077
962328
690294
439389
61727
993306
48115
383749
329488
644629
827830
924717
611808
961413
685138
904119
618484
302978
663628
167893
705156
879255
452057
156248
393579
52209
384481
22392
488617
118429
105781
921899
594961
310279
361288
170893
817789
923606
554641
147277
568235
896676
586199
694247
858089
271337
112571
476573
88519
776198
158670
793674
655454
610727
464127
563237
177140
848607
585629
665757
481241
691409
587656
76202
515892
463148
247094
333681
386754
801735
995161
469193
698411
95565
677644
70705
366901
790214
61482
969624
566412
220151
277503
736070
345082
741629
299308
522222
590237
884936
187979
71478
90550
289839
661883
120646
752986
908977
968530
653944
710712
963691
637341
923327
59257
314985
994031
940361
105199
55513
909985
185815
275663
701693
436090
620745
443322
249602
142967
547763
134538
845149
133445
739291
134988
795328
859936
402178
704305
342671
56122
929221
306362
693462
366753
365618
8447
360784
820184
627849
930500
244374
327868
720367
946066
763957
855316
389389
13559
512487
451356
662300
357636
584801
401591
6828
894333
775731
409005
112843
118402
979330
556268
938968
672792
923020
818790
195443
798008
638974
337496
728508
883348
665364
963079
829414
943525
818396
733007
957084
330883
184364
619384
202724
283369
535180
209551
691906
825115
132761
804748
457722
112091
361016
396690
299088
284036
729684
8735
596248
368659
860435
324756
766211
525799
802039
109830
469324
620435
357042
940612
465523
55610
74202
668246
338978
123586
392001
30884
948700
524761
349836
406422
151057
710851
317316
964348
509091
47001
487287
105339
929863
347722
944298
696074
387725
746337
320108
371254
880977
677149
311866
346500
732758
900271
528950
71736
23857
920950
616823
972557
959916
966658
893183
625177
191714
724704
103730
700804
285909
591016
320347
215772
938738
264645
426050
840667
525187
746157
211921
406164
937511
37992
266868
670269
938262
795817
256210
962119
230972
873032
934676
190888
353896
342064
330269
59814
66768
433998
760618
866880
25015
595169
82652
477957
374019
22906
318624
899205
283268
530545
305369
220779
568536
572236
891047
506798
882257
147257
983121
113229
534494
917797
818321
402594
774066
148590
462407
355038
582588
737229
221919
121807
332399
818774
113968
220622
841680
946795
119827
124948
477340
939399
345726
560080
25840
750977
581083
908096
898234
564204
21325
946932
996206
353850
349526
284477
502440
326137
639514
599232
577571
861432
235243
424174
680207
349210
644795
36092
296005
764621
161039
287550
218225
20969
361834
244064
771945
457121
666364
184384
535530
201893
131316
531736
555743
995045
816212
572387
835387
969930
171619
412958
831363
921065
837131
25775
784479
996130
61866
80484
274956
737108
882237
493180
758076
758276
251448
530021
215397
432016
714405
750926
633908
359925
796866
703855
354971
127283
276242
704562
97214
962064
117520
442781
883129
468855
982759
667608
464985
558829
262297
739940
295937
658738
233120
568217
417014
998771
612442
632411
430787
841051
897541
578899
200977
694408
282755
70152
821690
73201
774713
433108
35266
406437
875888
432599
875291
372852
614412
340276
931680
390913
594420
227617
49651
827539
310038
980869
340515
922480
613280
285506
763531
510821
864404
478712
719433
661363
548863
55329
734564
837780
488436
284034
244217
878529
230837
119508
251381
845248
973987
183062
750365
568407
924882
800016
910150
234921
295090
250665
671605
908369
536170
435136
933394
914779
913848
167033
576142
976915
222361
310706
814696
710796
108944
58913
589325
339781
692625
354911
699233
666612
537972
963803
749224
977058
278024
659374
726183
573113
424244
397788
995686
474618
832924
929080
389397
260977
96113
965539
237892
832677
790449
52588
543474
413598
625705
647003
267583
832534
1914
481020
13351
54090
444823
762574
545353
722846
936153
271536
295959
360397
669324
291645
835014
16453
734930
738616
791633
345247
218360
29525
177925
8809
596317
235603
936610
736226
882605
204193
568760
398724
685213
582110
452813
130036
344685
998165
367087
280838
783906
663045
155439
967434
468895
504657
983886
203825
243273
775519
63276
461632
319248
241200
984645
429769
991006
921255
165995
873612
639653
248959
272336
324866
831069
239353
969105
689958
751723
850396
485000
49834
513442
640438
17268
496541
145095
515358
214570
902572
805081
277845
364204
124329
33250
348849
68303
24256
784309
234297
412072
423962
483256
198612
263032
828529
437965
746341
518487
703892
596738
517691
753725
624384
158129
770992
120925
817427
800554
335494
719999
605635
127543
84204
729963
160792
947256
798265
699252
245770
546767
111324
183936
544227
309936
446967
372756
262105
707513
405447
965996
304251
923137
233926
928634
595470
519122
563763
412897
319676
413461
132897
925310
541003
731304
169478
216000
192765
481948
429456
438535
542919
540779
622470
87146
850714
583642
974105
627023
291155
379552
593019
109610
816893
341149
38244
412363
374475
116211
825259
208355
529671
472360
647869
584878
717868
817347
315082
910633
813499
744537
349168
356418
285317
485842
957767
650235
69484
931872
277259
874842
825628
384482
984451
642521
239836
536899
569088
614310
653109
908551
822665
696984
380912
470534
796067
98780
802085
111149
9413
615584
369891
872784
486206
655207
872831
958177
819646
456519
404254
611109
331362
229882
995591
830017
386607
235427
366917
469899
363941
534230
378451
700810
231215
759362
685549
541486
372346
487634
652634
381759
617423
22525
768747
617833
191936
155783
576011
525787
612302
980264
136896
457868
724351
132487
287885
625162
882117
169006
95062
760263
703236
473512
461073
448655
232874
660826
990140
605219
148461
156979
501182
280088
693708
784134
412125
399848
939916
988135
925634
552218
482605
62531
524290
206956
709221
812175
832117
105544
981180
441383
865806
198621
914894
841083
161480
147768
16115
665824
267192
164575
822803
282578
958866
30716
66712
370991
430563
520833
873331
356198
587255
355936
418728
111546
77096
642153
437925
423417
747696
933309
864800
127707
131931
779694
482995
807614
441667
499109
473439
223063
177888
296242
505640
650958
841161
86557
21949
271724
121594
409484
627921
708848
279624
560853
334598
356719
203007
772522
294341
464907
705832
673345
106819
351967
453039
104018
159581
408910
117331
633019
146177
295218
443465
166022
460380
284626
766782
996532
556350
888375
406017
698475
111428
685640
259329
446026
556564
976539
732752
365109
955650
438584
38454
576673
304755
5697
680690
464336
414607
798020
611559
74988
607442
55025
241009
67822
853854
7791
578559
924408
896165
984575
622884
521798
184420
396417
967823
255188
887160
214780
620296
357015
653364
658749
933688
472323
664446
128583
450863
593257
440808
62423
182449
562454
631651
423458
144481
485505
431248
723039
924118
841618
707614
61207
363416
406238
457623
845443
661426
858987
60223
281722
730206
227791
454676
178099
700114
119122
306682
150977
226583
261694
727603
409031
824147
359254
346693
482832
358964
777941
205871
283082
133764
427689
344288
497179
833927
316115
856826
495353
689306
917048
291279
419512
144840
745954
597611
359158
379280
418497
24339
120067
194395
751942
529098
18542
111196
389995
15579
984363
167936
221449
781649
301699
163343
640141
313082
997269
470460
169908
6827
159766
601161
298105
93483
746000
558264
205298
619362
937543
623794
643700
57611
818188
395642
100913
350934
21043
490907
366512
5406
173048
102166
787055
988950
265508
941400
816237
776981
411861
986144
298012
571626
587305
110321
665108
847509
668584
870405
466871
606128
8404
110572
177943
340796
20418
278855
205935
41460
283966
572446
561070
457013
188816
862329
445964
968527
803729
776405
259713
215590
762549
557724
301421
864059
668045
480733
225773
336629
865343
206849
456961
387951
831624
634903
728747
852041
427962
934681
407706
711928
21332
968775
683145
724352
345309
643313
692879
663242
419718
952592
393037
696472
510316
694457
74736
692565
175190
300508
29195
554737
507356
360
942688
853184
635263
671435
705226
577429
120321
627136
803561
655856
110116
486707
380208
455424
130020
73088
118666
63943
539884
511702
760414
50200
720363
835149
256970
409758
649861
286164
964494
157218
800727
421387
524606
435990
607026
229832
527624
727346
371172
331185
383203
481287
817891
763410
936710
462116
350702
569581
526058
890585
595487
800676
454990
830055
635825
711959
239813
285686
512327
718511
957107
313054
139899
481714
263249
746924
225750
790872
988475
596922
122057
371678
592413
454153
649292
43329
916268
514199
612909
956530
918988
722600
757206
373978
552655
907235
600141
792467
707125
626672
510979
178438
939726
165082
174356
717179
912005
400105
508051
900480
511231
144312
786362
103645
112669
949859
146973
543141
464058
274086
499671
897250
996685
771081
785433
63546
192521
385574
370217
899646
12247
881195
78084
466177
46277
252439
183356
472487
166748
205611
372967
677979
864126
673534
295828
976795
623393
957004
519936
601655
231090
533812
498905
741979
304893
798542
805524
497414
184117
175742
911264
710567
571141
989347
690948
131623
755990
388508
604109
922737
108323
491280
114921
972448
679018
924952
463448
816615
881956
983384
418270
627250
517196
431380
369230
336293
229922
688958
347911
928242
378904
259175
153014
950045
762726
358166
595872
518716
746673
714185
955658
369200
719669
584783
341649
398688
509736
319301
215303
905896
302685
147778
533147
334085
93362
416581
184583
837487
105539
532493
279935
998647
305873
432948
462897
582803
305319
58769
101520
566196
772953
571382
935396
6827
670369
791249
405514
694309
110550
135022
600206
927439
797003
647557
261524
890364
64138
960310
727851
683880
7009
521990
682527
312881
954938
145424
895683
774461
718396
511407
340657
5554
596993
276053
12381
267363
67302
932098
475876
692056
67120
76082
619495
864122
723638
395223
268691
301980
355534
996542
500065
362542
518532
182592
189627
987674
842220
599514
762135
560616
625126
616997
566170
736323
893049
578550
3686
474556
24853
479562
166612
91973
69848
786106
470299
307691
695533
738990
123875
51067
249737
623939
927812
282473
806531
631643
784352
648751
745362
60692
723571
370488
677688
289741
621015
570738
382495
624701
559498
407348
618467
726109
13525
202519
26420
483823
510209
236157
737017
148289
801428
986753
772227
243445
269227
578758
875088
567783
741713
134655
628474
465285
19347
306163
269230
640361
391105
165930
779266
950602
573277
397733
190916
101006
114457
731539
99033
138870
967695
836050
287158
769123
337008
59386
12569
606234
152348
401861
688221
408266
536515
316696
387755
70066
622858
656984
710426
528167
337118
489693
992973
910394
401630
183889
525604
516086
429632
624637
169161
911531
460687
456318
194860
797694
29908
721632
918133
182256
637697
606354
104726
174212
437254
492480
244277
60112
663668
468907
588278
787
958599
581251
911180
360230
279344
950989
390520
223180
575626
559680
134712
550517
530203
843775
348211
560110
565407
780548
256570
203104
901107
361295
891519
338361
367979
650000
912677
31648
118907
15160
32434
77507
596411
457818
951940
389959
408807
342460
127344
498637
416345
262055
49154
946547
620034
911569
20862
185441
692117
791636
902748
107429
667135
794267
445790
35115
444267
358467
66762
77378
373626
99195
669088
484241
71217
135233
388405
480024
477693
515748
978660
408242
292007
27815
868993
912040
939383
889854
97481
145705
681490
229
253134
348626
308700
213128
897944
267171
571594
964705
344548
945219
578104
527841
943665
649320
663073
332070
643548
654970
847817
622209
63212
139824
164228
932204
51864
617815
336264
663548
277724
531958
177981
530857
394788
486680
743984
292732
753850
829782
771641
612602
289207
349745
654647
232872
513270
317721
564941
156818
486895
926962
293231
550107
66786
457458
996515
632853
589477
846983
810605
867201
378942
988585
912262
287934
475265
656247
580666
743319
234
866511
870125
289440
216257
524773
522311
243731
356698
601456
400548
843592
528418
693779
907903
109408
665441
418624
256465
254919
265607
67070
122120
158753
55655
34382
446687
45124
204833
541557
788442
205067
408068
172773
8711
138529
211750
45227
382259
568447
646682
297012
926243
689305
990790
834147
798712
656231
766975
55178
911149
32582
122247
33269
705539
692106
581855
152226
737229
786687
207987
39877
505958
130259
212649
514669
268788
938602
74100
165251
21254
720781
462262
947496
410086
453052
295848
723003
623488
62823
292385
48842
609609
928835
596315
315148
620941
178170
981577
358171
479061
189564
912251
499224
319822
124900
528097
102814
577706
602196
782269
598959
322977
244531
546455
247268
211788
356508
484475
835275
419330
776859
884116
28939
705694
480431
858290
326636
172805
839867
199011
651866
543635
111262
665294
377662
750365
193391
480475
328071
795586
262744
441234
632767
21480
987688
880034
233267
344196
364509
582746
277731
655572
981066
820873
361267
975702
679164
202107
148507
519031
915321
314577
62667
540787
979870
440328
291152
173261
435007
133427
483051
211956
88865
115819
747639
590757
510057
980905
934953
388771
77856
726888
44343
58922
547761
405609
548828
226925
121920
697335
260161
37241
526116
322827
578027
505987
277359
383383
193452
226570
31014
190708
438525
119878
306526
186164
710635
330787
681273
159793
719557
273333
400885
763900
332255
948645
683713
881082
689775
319838
92622
949935
871282
618738
786966
963514
638929
578529
346897
346585
805098
892115
537292
757828
526197
358022
458196
751036
688809
139470
425033
922570
412802
825917
200675
259261
288768
884388
654548
978542
718430
261374
442682
589712
394316
229648
553226
33245
808176
414328
894034
127479
820647
431326
885306
346844
303553
343503
612085
992361
997176
37118
429136
409978
377240
629811
183444
666007
28404
352196
158754
746833
613569
601435
336545
7886
345287
403976
555334
667667
818303
963572
795145
638950
909103
680452
499998
212656
538159
112083
719221
535335
663405
148357
459517
40645
778167
642960
220856
806570
995155
379609
67608
122930
495248
404153
130815
354739
322333
200353
22406
654840
163926
331755
293790
73029
526411
307992
799888
64570
420075
519109
599904
83480
667465
59422
638328
959837
216586
859183
280612
725946
752996
348220
848875
248244
266577
493894
602982
588909
694246
139592
243749
372376
471346
51743
959608
997757
359734
759496
576531
294013
278605
690640
891696
460275
750061
530024
934316
480851
903411
214928
206797
656407
563147
55672
904650
829723
63770
21837
932836
758016
161428
690789
644596
632774
742531
604205
144736
616470
363701
721266
910482
156511
411906
316384
130990
676171
846407
65306
671227
264024
280233
878023
920430
357585
447900
339286
701512
511669
361122
634349
783889
36755
325138
428486
669528
581874
32691
328468
198344
910595
49734
623030
67106
975844
939413
198095
166220
300026
263400
837446
564049
57838
715470
998683
929626
677574
337969
631138
703447
213296
779691
487337
250050
619034
915822
433782
200908
462717
762249
913455
373312
326187
536485
440418
302031
990103
152717
468251
290129
930321
305697
368382
988158
535371
367065
431989
727149
705034
63127
430597
918329
357023
432138
682583
976056
862164
116365
691168
324881
392818
604623
212397
719004
655312
167019
535240
645415
319736
3491
449748
250057
823391
818129
752419
872967
185195
184408
600116
404433
761738
544917
836966
118761
977054
519549
94817
839218
635913
300189
678303
28731
904811
890700
261939
74329
57719
797178
233948
377454
314873
683696
141715
652469
501825
408338
525436
687019
106950
639756
91452
868688
184674
928417
987448
161728
962170
596470
515151
112288
896658
193454
655222
315675
84154
917161
390003
656077
714339
623950
33531
29213
821850
689450
681681
323676
611992
721321
524899
718942
361077
130556
587630
59955
573177
89283
735887
535348
199957
765242
647635
96616
958695
302858
412290
557054
734223
316497
213131
448562
454651
246661
991978
276502
450315
187864
600177
62308
423389
639280
295454
784466
769835
397288
358625
343013
486570
608716
392565
686527
373958
554404
297347
332654
857261
709636
889707
105689
540337
102838
554251
994987
863702
60434
271489
828222
248298
385870
404734
671686
25151
700187
970356
794985
97475
843186
652202
98249
451902
44767
298980
825860
599171
596326
672718
970636
820166
562425
76326
360503
179467
144781
869695
557373
205214
141184
385595
967715
41259
790328
153607
66409
4720
638167
375598
616398
481353
27801
714647
447460
586771
13627
273320
700146
124158
460242
670783
944323
536871
261313
819031
716337
920297
688726
273710
639715
344114
173510
607431
385372
478042
275242
965984
482762
913408
341583
99160
908966
883587
328011
356426
470358
855842
143950
170505
979999
604191
355492
924322
141062
131009
743353
371603
51306
946283
159517
691020
290398
333026
812655
189974
811068
87897
155959
808034
515510
497541
907193
938680
381128
749409
295106
365690
605251
953259
536194
585250
557450
405890
23777
212716
536898
281335
584318
588203
227618
743834
279224
32220
591065
606083
222194
402133
208185
378152
724371
723694
389897
631564
662374
285229
895177
471684
650918
500428
424943
701317
599882
496597
107207
623659
709312
644105
419198
807834
232308
161020
551668
25736
193240
656937
631819
929637
573274
840003
821993
297645
77902
211890
443414
254480
497118
338591
240368
662240
839019
665310
363557
438901
161907
470764
576764
871218
114869
995961
193257
861380
156982
744924
887116
864425
916066
33140
794062
489340
387347
616055
786985
979452
342149
230399
233932
839266
83194
474299
15711
922212
653813
379268
875318
329924
850031
966286
715346
479104
962248
908602
854688
633434
167731
741804
497859
83797
289148
806125
573137
676494
422180
874326
170151
764328
618929
918286
117799
702122
392585
133509
138540
560602
26981
13858
890525
391216
980143
605871
870319
456596
514473
725008
90030
196409
981016
102093
280205
784369
908217
367546
460863
844601
241872
145219
608929
375005
63505
240932
77128
970294
888645
215667
530896
915625
743728
935626
306842
238076
541497
691365
208877
570175
416373
298906
766583
911594
915203
560992
695963
823420
928538
671030
182227
684614
816248
305360
59620
879753
546292
650951
364252
434937
380822
895147
350562
124550
830773
171608
876829
886475
862973
85706
970854
793550
898816
251642
705144
814019
812633
915311
151644
741171
100547
333870
939990
916794
639230
999609
310752
699726
650560
675003
134663
31382
84356
999428
670135
429333
685241
61169
830012
548214
146875
800866
341764
559895
566712
561113
888118
379346
990628
39762
634721
91175
887836
574711
522174
41271
88525
832925
740996
253289
22134
389863
798874
106489
903495
983213
535821
588736
44383
365834
651154
705461
680904
507123
265356
247617
582440
153474
141167
573068
707439
290092
664243
595275
379008
700621
150750
467532
533546
891745
235026
555679
795812
33900
176372
213513
17114
226398
802248
61496
106436
967607
766956
301544
474730
546516
63365
571374
699989
204531
144442
407428
494623
322889
516908
873630
23510
667657
855366
71261
73608
90392
141144
869419
124292
831720
82932
655609
58118
399385
231309
678757
881196
998264
980300
870130
58985
43666
441504
758973
248196
100150
680605
257023
423039
711717
644857
960752
379375
500224
546217
967186
104820
687361
836605
743315
519081
433742
398924
91403
347331
630232
770159
228527
142701
264664
612861
201685
308329
54365
474862
70730
154514
669672
327752
91757
381389
486814
52510
274968
501242
112931
242154
606061
314496
592964
349377
347781
540910
262505
439183
888240
406942
723546
630971
549642
988210
243832
265532
296539
812400
740393
881472
966913
924269
723429
58671
305659
210243
625384
94831
711484
738314
336985
831749
52811
929948
695330
400591
470858
957835
353979
873302
364777
591729
18478
428623
579939
776513
694154
390683
