679320
691309
484066
799124
240437
457838
226035
361408
878325
31392
411677
897726
499943
678484
643312
758840
1047
730501
867162
431950
985726
221972
605915
679545
269486
777362
734027
687088
412702
747729
308378
711594
602309
478804
368025
960468
379976
98556
194181
506233
341334
370075
885074
524798
777716
915437
78806
821955
213450
334390
171680
245268
306906
366354
920203
895374
990845
15772
375029
47749
582723
410630
947982
261946
54893
744775
131062
779193
480358
654031
917062
747042
697922
298638
679009
911445
461290
963136
353576
789825
810392
997820
829573
626216
849601
526080
56005
906227
331619
503754
612671
84992
770419
524437
10658
663365
59554
278744
880064
977041
519379
763204
797143
38308
581047
941396
321732
803871
829340
991325
847626
338319
408123
450194
99767
279055
291054
318679
806573
355738
203208
699
519093
842766
173514
446138
68034
361556
786477
323144
632378
910318
692246
395027
254575
436390
354413
869502
410131
81873
129671
361275
306639
663315
882923
544950
807182
929995
101211
806997
168567
491676
291225
490854
262411
697696
63779
772117
479068
344830
625254
237503
853387
671242
950071
956245
421218
96454
595688
26928
747860
989428
782014
716448
559565
88838
87346
94457
382355
291670
121671
998767
262066
646862
768303
496071
635357
757070
932665
56290
608789
301852
199417
704605
679269
85883
47774
695616
22719
822689
322489
376644
53274
802124
153381
851009
793980
427076
789604
747050
893955
565838
156667
269138
787777
593631
279636
945989
186114
823345
113708
218052
522823
302080
356601
408940
208386
819668
943307
932470
851301
527105
795675
581485
39718
625285
359005
942478
634076
219045
536638
327797
351685
506993
884826
372607
415316
293553
151643
167683
944053
356780
671130
969444
6161
709058
379984
947629
259294
375049
248418
884243
333786
799164
486670
798588
7411
147136
749274
746315
622039
753435
221647
643910
746205
208346
547198
190564
487119
430925
314438
968207
673764
962264
736493
136395
543794
957137
745117
429340
623273
357085
556803
501487
388566
328633
23994
39068
350986
711812
164886
436671
157396
624595
504357
639007
588895
991208
919446
694272
239709
983946
625755
76590
704556
553198
669798
161469
598720
544332
883407
480513
684033
689287
350620
962072
3899
710151
631112
281888
310611
411304
61681
875355
245837
257717
786829
137929
175672
94397
431877
202897
161499
906618
747418
695378
228299
443149
959140
90089
85357
514465
128729
944214
611279
578697
131069
587322
451584
643266
711978
206399
175782
282500
677887
296712
48214
286653
757706
558353
972872
892587
285192
646020
735068
72686
923854
840505
985764
193713
634602
4237
894881
316546
973882
338252
634744
205303
137257
431531
55798
446471
184844
79224
784643
569432
172683
445325
235632
184624
453080
304024
706051
619470
14174
866097
463400
111534
474524
985414
217285
5109
582560
495133
743280
324760
102816
312081
935023
736319
719775
842687
968103
964784
259254
463353
172829
700347
234841
720532
679976
63943
147789
535338
451078
899301
983755
982852
410465
290611
149561
759060
919746
224154
92948
886486
84549
641422
126429
971463
793708
49143
251386
906822
862933
384357
179490
885222
938103
877509
68450
497678
336930
903160
957511
436261
988409
866979
189240
635871
450370
549011
801521
602148
466632
768566
276497
908771
707254
139001
145356
793102
72778
231528
796889
949494
763282
162443
939537
391412
860392
747559
155551
689310
387412
21876
552077
235537
976514
552253
508138
793317
738486
634481
102909
220396
674121
903014
937492
915364
409145
949693
659357
687265
691488
899232
308438
78432
838334
581646
267500
184582
902405
126025
33723
983738
510700
929143
841757
534314
15167
931754
235104
252138
227244
396160
755526
780635
309496
554881
955838
963617
936497
10058
559768
260827
869394
794111
939569
478649
896692
313782
737314
999824
926674
727398
183198
180473
744498
299563
773538
245566
604992
942879
835471
811250
724428
701545
586503
522167
597155
784860
668209
731932
804612
280458
918667
929718
284267
504352
234430
931393
705671
683361
166019
459663
235523
460135
779849
628181
921205
620199
364135
870031
266446
287855
794287
212171
199291
513299
841850
186058
439656
578206
535525
386866
920745
464091
613496
96387
962288
700537
246602
366360
619722
723007
836520
710543
98345
483298
719493
643780
676085
252909
613069
916685
869385
404089
792543
222884
6373
866192
686956
383943
34364
300260
170034
352874
950777
798681
68412
957525
470148
871965
797634
20432
831482
615324
415715
319690
517718
427880
292554
408029
695843
144190
650639
608230
258311
621085
721966
393675
477368
586679
697642
766991
844369
251745
754286
753291
188833
792250
762375
820526
916360
50493
20147
492283
181955
516864
501579
119219
298210
751091
350792
666903
791250
881037
587418
597021
810365
395349
814329
778816
682242
226426
611839
340620
906131
279445
191636
28803
383706
247355
444399
456250
511793
577366
207296
834140
250872
711459
635513
29555
651275
785858
787695
886264
641670
697921
382581
780943
765812
923443
478463
363393
711418
9570
476137
430147
141332
904545
575918
96484
231387
945290
931098
932765
145136
624136
7155
257899
328243
354334
612976
91836
185026
503283
395178
870607
631643
441954
748767
282057
990704
198647
594537
897063
806470
121516
404612
173046
905176
203154
189624
95105
349702
838556
789017
269305
731032
473709
71145
225992
100047
133325
864733
205379
52458
683175
800333
57578
838915
591333
68709
46877
429830
221318
310991
854570
591906
8667
629696
555321
979092
733788
707857
766128
782431
497382
517196
173188
604522
595315
755598
754616
395443
337539
759796
357255
867562
303455
175157
852211
699336
357409
931281
407498
645423
679184
169259
826180
585957
212250
419568
146718
506409
635250
23157
922768
299714
652829
35176
75748
677123
430203
531018
469857
975138
669470
884632
203008
629411
302325
115778
785045
98610
786605
824062
14614
314292
789193
375052
481711
190661
393052
476693
852535
78737
892859
128734
296611
125427
85008
247394
418571
880131
879903
703820
266984
995801
887054
761110
519879
70436
764180
174299
15352
173860
604119
215218
495973
682953
358952
730850
658571
270092
355341
236229
36552
648794
809028
810371
358535
840446
158610
903758
16598
515719
995852
616898
129336
81741
516713
196253
74648
292376
943267
660165
456769
625876
768185
737388
177722
670997
17313
670998
957589
232901
737164
411162
508664
357498
401556
205329
184544
997013
574463
332399
245167
837401
713899
651996
813408
608519
643606
622020
544970
363489
681901
622716
651762
454777
823848
21290
642890
685448
106975
907906
399700
919774
953483
565371
285396
28047
522166
400136
624269
828648
370089
863868
393400
9944
755238
536087
166876
448772
691675
128649
878771
361641
326226
989605
368551
145611
251855
751416
93037
831344
322495
505934
25100
156390
737061
714399
596481
4787
690440
122444
456952
734185
922285
701177
268439
730826
828290
940118
588448
205131
379004
908712
858053
494667
32666
234123
458648
445469
244729
909944
723116
769964
434813
622511
371653
781301
235104
65071
932594
377194
50805
407439
570001
725855
365449
468834
345660
533222
489527
586809
796047
120512
594820
674955
470843
48635
585434
506108
157439
77239
519742
533468
521680
41719
93600
543658
736348
47850
700296
212693
824548
877413
777914
761059
29871
148380
696887
375231
552111
307909
547920
858989
151167
82066
93726
22113
315044
884336
876047
433904
771551
355284
959455
410155
213878
347374
64863
483408
538292
427610
34259
873203
778252
347907
6064
812046
792378
11135
848707
827665
495070
62363
52941
424401
522574
68680
584620
361718
348323
344063
904093
628298
100199
641009
63755
410917
769760
118557
142685
128125
94679
760621
361118
55300
330012
678993
351196
976689
701879
996375
713268
431862
133958
300539
618423
172428
302952
112786
951688
381408
829737
226037
16955
22748
206165
231710
389082
941188
64699
531334
297308
36179
281563
13069
403264
458292
391963
592298
691223
76079
664307
306796
457625
248124
311887
703053
326135
774124
124074
486646
146147
330439
512885
303134
187532
228289
894437
46916
72825
567423
321645
870224
623438
30832
863904
965969
912322
238345
69227
413499
768844
928941
149699
938005
953476
95398
250835
977209
364298
901682
704952
652023
557413
934401
576247
783136
248817
128070
324812
590340
327186
928762
793984
833748
75825
289351
719393
827955
918196
961254
442841
40586
617286
846332
812914
403481
675964
23002
921797
633962
810432
552807
925856
221506
936184
510009
386257
449387
536592
6320
233217
857229
143264
351475
278283
258955
95061
318012
37029
88647
729607
949211
3806
437528
701093
166757
467699
849139
543353
609590
53301
340384
142411
896793
926856
678592
960440
800884
976864
692621
16624
870946
476802
347132
173403
499231
286120
933866
318526
587903
910270
589076
855590
771086
80081
481684
750108
801495
549104
995615
313380
897583
476469
684914
503690
433635
73465
791919
355852
169762
744105
397055
592031
675432
91256
502996
654323
701307
519149
656369
211960
348812
521607
412055
599501
387554
369249
326721
984539
920485
21903
983053
109876
790701
877332
74184
850603
91504
789107
399326
727910
48256
78763
807645
48491
320275
301654
183893
731247
721815
422581
768839
588961
587018
547440
993617
750703
914382
20979
278586
584100
759434
116582
879689
835887
467621
321037
684550
426605
592431
929591
767525
685684
554469
890187
367249
688690
305799
992529
245393
392329
63430
21085
287879
555149
11114
781846
718591
803181
228413
25929
498537
981461
322282
746601
324850
380665
683715
898001
524602
712693
221075
222038
636453
931965
958351
261018
7071
444929
160375
478230
12258
715032
69855
330282
448160
261544
404718
989918
521724
647800
190207
871017
74885
175772
773054
484662
142301
379014
357932
772427
693154
266591
750650
17435
823089
981416
94765
991828
836558
470980
271111
799597
342678
283310
48939
737129
279328
603667
454888
942655
61571
33909
885456
744212
952580
263585
38115
790681
109991
21268
31781
933818
540469
237798
830092
315129
927537
750714
713044
385644
510948
38275
188731
553028
368975
625871
672455
455962
834314
472028
236382
417152
590222
817840
486423
791508
607638
852293
91342
21778
773130
473682
514092
197534
748948
204362
760558
399887
257029
817083
412047
510437
708519
632393
838112
585225
677448
165438
16013
280270
245420
243664
349978
859455
436630
679071
481589
76065
971184
634222
573885
717599
652115
693818
368206
845072
824961
858034
478753
932710
204222
78259
81001
128020
208720
82234
139984
452086
416525
931080
798714
726498
950440
79771
916830
816579
937447
862184
474154
842125
518533
107687
417960
551205
687097
537835
814662
318784
543081
304956
464167
319020
432029
791778
580001
679896
86994
249626
225234
961472
187461
857800
689786
787771
274945
519761
724642
489597
341487
766814
883548
232772
995502
734986
223601
481821
426812
442975
277990
544481
868873
283519
966361
413486
657128
951880
636519
204740
659949
516058
395715
631989
589464
641492
920564
328550
392674
473837
246665
190773
278745
293024
668043
229199
87030
854108
753232
98293
552905
347728
393072
480549
618650
995502
620155
220131
866779
999185
432522
71342
569666
886755
666937
751303
638083
217962
923648
668199
566545
611317
461855
333234
950288
236830
783970
993926
394647
841094
979890
837245
284993
143420
942531
768016
203308
684098
13327
768456
811905
564575
17772
368846
822099
109126
812066
602765
72625
711221
521322
24361
230899
326978
283992
297522
585714
237304
500903
967353
729246
315781
263337
704352
537012
496517
670553
606645
692140
840898
175634
616257
374488
732155
605551
163680
595107
442158
752296
395736
804080
708934
911091
384359
231771
306734
995384
55749
883315
15134
262378
885082
86691
299194
929205
877198
161679
816805
605319
481351
110692
702780
285265
752508
841291
499302
113643
900801
73600
273502
42825
453735
318774
728822
709307
223801
329378
542803
157995
961238
554745
709881
34186
748797
544489
616558
656692
803810
377675
605078
577802
125904
12213
54297
232158
14256
686584
209523
871904
659895
438615
728937
594615
464548
359600
970480
219020
238920
550200
736159
819032
497173
27499
622243
940949
385180
967167
447854
820586
174419
852810
66346
802102
377670
114976
222194
442722
791387
964802
582028
849799
9291
399351
759246
730699
961810
764029
189616
92523
794005
496052
434766
863289
736585
151042
572810
323010
490192
168481
910330
483752
711170
629107
780809
506260
468251
631938
880197
155867
942617
253406
148921
815991
942712
140452
440876
957770
53174
967375
332102
233474
596776
556224
324964
642318
385124
497985
140872
338005
493095
268300
153059
441816
696557
231490
683645
737078
114358
867304
59443
373804
219840
668632
970113
750972
234104
817999
860066
660184
936693
938390
753772
5803
812122
302922
701888
193506
469976
543216
5861
952959
738629
247926
95791
323266
656925
170314
343301
439322
322445
286031
808350
137494
664273
844099
388689
77995
578741
846997
455405
273625
571002
896947
165099
689783
663266
703485
356886
941700
63129
168003
518314
2428
905391
431557
168796
813408
26515
111587
862320
637115
226350
382987
996476
794266
251855
647140
139700
59070
152115
484648
301359
984028
315833
576583
297411
681006
550022
805734
848062
879273
747912
859163
804587
910070
781830
395329
173899
125214
142264
189262
441109
370895
221062
280853
855925
44689
534950
595223
389084
604363
902399
424508
383696
319614
744022
747121
400982
774251
951542
892614
794442
724441
800165
116588
489739
214395
328644
86650
873216
230873
703479
328085
87888
728521
905229
261190
903932
802110
1121
988899
66264
560482
726846
837842
563129
409259
182552
253602
507628
410936
346174
547041
981811
211862
416383
143989
692824
573858
555265
346136
370357
231275
638014
987212
368072
949580
874757
628573
86613
222944
760923
238734
184482
954640
465798
458095
669831
359274
713515
983522
110961
960390
244361
142986
974958
990146
922456
909948
771573
786217
22348
521576
90754
902407
739621
918758
639664
509714
891294
146640
343451
450063
23585
923401
911566
151224
804984
584241
578247
152194
510923
50313
548880
173071
192357
429125
929791
854217
923942
912341
827683
12179
556043
191407
239038
832989
213337
672989
449953
396556
608822
149053
115368
762832
159575
386396
182700
145129
723631
497314
483783
772126
912911
802228
684765
373098
766461
725217
52846
780922
840633
484636
954950
188206
507856
840537
945138
136003
730239
132034
251659
820208
857207
721132
566498
270293
807306
188416
940696
313851
678022
988682
865822
759373
201628
88140
391885
723069
619089
472238
823934
95238
2579
243983
760719
859544
348421
384444
662811
725148
869348
129589
518792
632540
159488
370169
290807
527861
755873
912773
918775
771417
818488
13299
57064
905707
128946
418147
884680
704630
620538
469125
900666
625509
739506
389544
535697
407282
723637
888475
941483
998687
185056
554477
589883
473938
522100
469050
53746
416618
863714
351337
720490
245341
161124
763226
700057
179018
149818
372004
197287
732510
277509
622154
783828
80947
290346
21028
390661
357748
953743
910110
141754
641911
11573
283405
901350
803964
366828
959368
419224
493384
851030
728962
594214
338601
298593
467546
518173
729221
534260
815762
434539
606629
398051
387344
905988
579581
801610
706294
223710
892622
957264
912360
31080
405579
930082
696188
603850
554692
274916
300084
51736
307342
558866
82492
346993
967547
345660
880544
772870
94496
575133
948682
796963
682358
86923
359513
239279
797542
424773
605472
317321
106147
402372
457684
967922
311969
796376
515798
825010
640579
552438
126669
306224
622790
166257
288120
907542
177760
47354
821433
716563
854038
879224
382920
269471
798669
240423
766502
901818
13367
844346
457799
678425
311372
10864
568777
103503
391325
63533
180421
831278
476603
57449
536948
504661
290538
412138
547181
884070
286325
733601
526262
236138
974005
589169
295050
760288
370611
481451
739162
792123
151978
395171
123346
565299
309771
231329
901522
886574
142913
506897
695218
4488
155797
591886
449155
698342
820151
374679
997613
372083
79316
675376
525289
589661
794840
519783
66140
721918
358013
350953
650770
190290
909864
438794
590006
453022
614893
408878
568987
400518
44668
518794
460639
915117
768283
988392
915491
527322
237728
978350
382425
319365
462789
160588
335803
532729
975440
144241
358106
429392
114195
119457
877073
994391
528240
956129
980432
34125
639769
767991
923215
141200
248475
183423
930366
821441
74477
613133
175814
981414
619027
520120
705840
230491
65635
447463
413484
45329
231649
359961
707734
604550
95715
427938
546534
855458
904991
653916
61193
187378
986782
538300
56021
60655
926237
126391
572777
522281
897920
147428
808738
415053
1024
129177
399157
240961
10043
863886
65485
551882
841435
620245
899402
906410
466845
377673
808557
275419
71177
234220
232654
535862
987043
637235
334865
260821
633953
91707
818328
852313
848739
797135
590950
494637
153318
701092
490863
59495
588936
484638
441428
461085
435410
702745
326658
714386
686953
29154
594728
727829
537053
483065
323694
940656
852487
418761
490968
860392
240335
126175
141534
412640
789979
885429
887878
63692
75854
713561
6139
174875
389797
644870
20707
570833
242573
148931
754809
330312
121307
116788
395668
202256
327607
942885
222438
738726
932497
227379
96447
839897
89519
223437
834051
592108
42550
33553
204350
624085
157981
900586
917727
840682
694802
959966
526516
941630
849951
538186
328379
734336
726312
564123
73001
171373
460758
669990
444417
724092
461982
348949
196351
974007
96179
498082
510741
218278
545999
904617
604042
17881
133847
898846
147225
13878
660960
978712
400761
173903
935509
173231
194716
588881
715507
868336
799231
1086
653291
635271
209421
86208
309245
952053
292141
599352
580683
539024
237427
303856
919922
115826
269199
198015
342410
379542
290377
592142
233654
184027
434799
459858
273578
488016
215175
51
653891
750203
138824
702266
924704
226011
11210
930126
471294
539101
867334
47226
592308
692506
350857
423629
890740
428878
819910
232260
655924
959440
652545
36299
839975
487730
811880
492465
458395
790690
702253
587796
80237
881410
576196
887528
443341
201144
662110
660710
815949
535973
558635
547980
283524
721908
736284
677057
964361
405479
300167
804359
231434
642723
730479
523375
747801
285049
838684
170602
643691
767540
360949
386222
820955
39387
466812
211363
270963
649226
859984
240630
533308
118598
494375
719816
213066
27476
485386
536560
541851
941147
906174
381581
677225
42030
294213
697040
366067
912349
143202
224085
378159
174521
700290
186063
364889
914085
249338
557375
896562
965031
709495
667359
994223
925826
138893
757547
153847
330806
872697
701714
651047
490618
520481
218724
939272
553614
160796
776611
772530
280985
310851
662461
126937
969427
240272
153300
433075
445431
365480
386853
731457
994464
339120
242352
988622
709616
761864
365136
708079
675632
698219
347422
788975
593868
154980
214349
244108
682090
514469
298909
690014
3423
27296
482546
911678
523818
826348
8465
499066
786204
628688
348774
399857
474055
418482
207485
595021
751991
538824
655805
864057
77509
234992
735091
858647
715365
914875
401301
859090
582575
199769
405508
501728
371015
630297
368604
622064
742835
286386
414800
882454
318852
544133
833642
949767
501925
437405
637353
761561
158273
504357
7754
468879
297620
182138
380925
585004
797945
210207
192373
400813
623130
879034
668925
152287
826926
981070
154457
425011
674483
289528
620078
940440
676207
368811
358826
168644
152517
520631
341415
1393
30287
952278
456934
570425
571960
24899
394989
297757
822414
528004
682085
188206
343653
694939
132997
40890
65220
788950
246372
837548
631794
263143
405148
869988
170719
601963
392632
404706
333288
543715
928641
523711
454024
292622
477804
815920
864929
680014
484571
90725
479114
365961
484071
298906
137012
832695
448978
939048
131717
237160
918471
686033
30255
915115
17521
459862
866114
453799
547741
748010
774254
569351
136390
43957
712904
634209
184352
549088
79114
122987
734975
566305
727849
264568
681027
578220
817384
12517
263624
465282
719691
627004
354717
557225
342330
544462
149173
950682
337668
980754
65912
144578
455248
479529
830552
571359
49621
727917
545523
233343
352355
781879
936774
394590
662210
889828
813156
671855
530238
671060
819919
649826
968309
39231
711851
934584
465734
822158
834837
599597
345401
163816
997018
967280
103842
163848
159795
307035
927754
260947
700713
781091
988085
715333
215746
611942
951216
164130
353733
143596
721230
396
46889
778457
210139
495435
586383
416661
395521
127175
276939
150934
680499
116856
912076
960004
219945
997760
649090
133473
431810
598050
962553
671021
88375
204091
727354
342577
905617
576431
69264
115757
591702
712009
522665
571738
106716
174299
313835
138527
701146
904328
419252
504961
677227
568138
460506
279274
585710
459209
899041
460930
139722
34871
328196
192510
764279
244587
446675
160084
724653
17152
522311
206291
604890
778604
361955
521003
948246
995470
235200
823721
720029
931389
328445
479244
19112
611598
985940
236670
357255
78887
568641
66359
19965
496659
618337
638281
196186
929618
139979
766807
919251
1298
433267
15199
50891
63136
139553
103623
826918
892249
12534
465434
725542
519934
628244
726180
653446
40990
490126
946049
844336
101667
527264
892844
718011
557115
83888
420714
398961
370116
472263
316153
366484
285804
619802
462155
243659
547271
258893
699755
623601
91776
661857
18508
395478
908882
656267
404390
702501
346391
811598
752829
460550
381684
300474
453465
688719
234071
984098
276935
928321
879449
941146
674862
957285
427
205530
578128
43743
602670
988763
23513
159915
568058
203585
306985
72873
821950
772149
910240
59680
831176
53056
501758
329629
367639
957101
115693
60181
139947
477853
914245
672223
283880
829220
696351
86376
390125
140528
37580
35379
386700
865115
662202
580760
13823
256027
749258
780046
800298
110402
90890
389275
801261
652884
195188
43754
244513
806613
282583
788327
45918
629450
771830
338371
892193
397585
23540
246194
983672
308285
447068
342760
715952
184602
807596
456148
337812
151881
425353
166058
326308
271144
369853
702410
744431
249675
456868
651670
111623
733101
281839
890306
212099
953138
876466
429783
889786
159018
419341
87729
126016
621678
168325
589826
658637
968117
341198
176257
57109
624548
484833
782660
72310
616733
111047
532932
68458
991432
794027
747340
328749
464728
999253
755344
271923
509005
409028
22378
11433
397640
899708
316323
324734
820841
41383
485436
657365
399254
208739
76634
23839
618312
700962
776919
297900
782331
789113
520
279917
685247
10443
393533
802058
729652
537340
736812
910855
983697
553344
50366
264096
710034
543777
240711
202818
590789
377769
492809
9972
41887
729488
261010
821225
145225
158205
845778
218763
671627
260491
509320
930425
854546
202893
183440
672389
676387
923171
242343
411275
254230
97898
580732
49528
375416
910839
309285
780097
720520
723803
136895
122271
297380
502415
433469
853224
593492
201115
256263
778671
500088
198462
618224
366106
591601
174445
57695
415756
334027
228373
222703
962348
472286
335517
273631
304157
960456
972770
678830
878704
40394
987686
861301
748962
606788
248452
896661
996521
486314
123717
635905
521118
69900
160849
752773
257961
770842
966007
578489
661611
60448
35860
978385
167898
187059
286431
140692
99256
315891
221790
763478
325506
719829
941849
866076
584714
385074
470513
759837
990836
380101
741398
80596
891443
438556
127085
853742
911248
932376
691144
147251
17404
284948
777227
91026
355472
864779
808501
262649
746552
961199
902210
902919
399056
108585
368928
502715
263158
491411
91163
222102
391431
860976
380964
573599
95897
522952
198843
337
840721
232422
489437
951012
879661
387120
798437
204614
927350
787628
18440
396037
954648
809022
172892
954031
333057
184868
84815
254605
389452
382890
893845
520171
533616
477593
628141
155150
600119
638419
514579
870750
893739
102004
841629
344473
389376
416228
846234
863420
698041
256817
410800
763561
150438
754671
526852
213892
837641
99980
603511
230187
329082
815148
906659
758467
326934
203969
546706
303628
264307
433095
425084
931911
338024
667981
182122
59058
519311
565677
752151
466847
635392
305870
768869
733625
515753
841222
618418
795723
601334
470998
930815
249854
265457
40772
735761
695213
161176
346601
6585
45615
60804
653872
970376
650274
789333
726682
741221
915203
126367
741441
607265
105399
160239
486608
249044
791253
668345
706964
966848
177131
921230
548226
52290
200636
585655
771376
656985
322591
310820
217556
533375
199919
679785
282148
892162
630608
723039
244571
304509
934291
263335
202034
693214
48314
916160
178650
59962
261581
34188
41345
933754
674958
41341
855848
885501
703047
805377
625446
13302
958671
775063
810144
336463
741019
86407
533688
753414
492178
458022
774593
557709
313641
578682
232911
87301
148475
381193
187284
810634
520146
610410
281351
538076
982070
457066
28673
127008
55107
616021
37578
157591
73450
144657
182112
719005
799223
320772
774992
467031
205169
256195
683311
746735
335539
755642
689169
550198
777525
272529
144463
730216
385004
417106
372903
220240
331141
355377
28040
572425
169360
798995
824174
228366
443341
811876
185870
555279
399917
840195
759094
993391
934469
710907
706515
77388
879196
37564
834806
622500
328913
740848
548875
194356
581738
891510
896864
401960
355809
973266
476891
345104
2951
470812
53559
318676
422149
358791
56342
817255
426470
820397
777862
924815
983666
611180
304166
52290
245406
177728
299118
515423
677996
582704
686495
647577
556382
958556
896060
289075
864525
330168
365694
322063
896906
571282
88408
36080
488688
354846
470695
342049
526558
917844
509643
600469
370824
427472
632711
590642
43311
365388
669756
650727
889431
843306
43170
258911
420550
698817
987316
651001
722099
159679
418117
463627
650837
278480
22531
833589
650045
815289
749754
466239
282064
527157
959492
417173
797858
788743
360148
879770
860089
137337
181027
525636
239693
444837
719440
536306
751516
161972
665384
691856
42356
353150
628389
489349
168965
16163
967619
727556
329615
894014
240121
47645
439569
521346
199720
118236
341773
94973
935916
560334
589542
170093
749561
16330
121208
331149
110849
627866
669179
888510
88623
892900
804782
902212
235373
17432
401500
207874
656545
557084
146318
829702
978650
140650
385820
752980
987310
91052
221150
252178
931715
724237
657762
386629
686547
931892
559401
453571
388745
679911
582778
595469
697175
913111
552242
111729
300253
43698
238026
752054
535811
765823
737029
747423
302901
439127
524994
964489
28023
272047
718493
508021
823083
175520
185845
738201
472094
305456
58717
351329
234456
71192
590219
634033
293340
830924
871113
33880
983011
433445
721381
826843
416435
996928
246294
397633
316155
6906
451080
76722
535394
164671
28744
704423
657083
20399
789882
164837
706717
637949
331974
475168
505966
217434
492955
53979
653478
375804
883479
800011
345906
90367
643958
61982
273537
98162
223597
206430
456469
326608
905611
60724
220994
204940
732195
436830
968495
674846
641170
200079
807189
414490
110616
235918
715469
366837
15743
32578
81624
47979
497324
42683
830971
630068
840480
863906
778838
230250
707039
483501
547276
545231
157678
138535
821689
624829
178739
708073
202778
48908
526475
728292
608105
883937
817068
18658
612673
611576
960030
994615
505435
15889
981643
91026
722547
833121
353453
443985
712476
167845
575258
240029
981191
469658
571272
21017
533449
28993
224308
187939
21662
594574
704490
732925
841397
967550
451556
184073
492325
833265
501709
111394
84838
264694
192025
344967
763335
897981
472695
255159
723541
187083
464735
498043
916257
921257
463968
258578
100243
883131
652264
343819
99969
736599
164971
709407
897059
75244
109911
593919
409703
797429
2769
869005
782888
148232
606217
378550
147289
652431
765441
782180
664823
546266
187173
26951
188632
869129
997583
683479
964375
577437
489662
642108
135529
337722
188396
852514
842300
914472
477844
974094
51343
847091
614141
213086
428709
18711
950759
812471
196787
302085
579402
428652
24726
97399
851843
755268
153542
911978
72475
540698
14542
340333
976251
121395
366052
407354
199523
86819
799384
398847
153036
968828
190538
359281
609496
141280
805555
580262
969473
652461
379467
396450
809187
210719
11819
678021
700097
645300
491218
750554
146154
561478
256623
907089
545386
941228
822397
896332
400615
126625
478074
371358
141573
955261
309767
869614
277360
228191
824134
4351
516674
17848
86098
952250
646445
533848
214571
897437
253966
217938
50243
721465
378942
996510
685231
228534
483695
255903
867623
974281
774509
776729
235291
705231
34577
835601
42342
453000
532283
117991
19381
575461
343848
243906
853444
109091
724785
205297
747060
720804
640507
594886
383957
349940
418762
502712
121587
524975
278195
531000
585702
335060
33020
838736
810905
609563
619236
220109
992743
164329
220625
932726
518496
243657
772789
759309
344366
858931
961922
134896
791454
735785
152069
7077
291454
244447
402382
919415
494623
188435
444706
739051
520950
874085
651732
720553
38610
4702
597040
136557
85745
119900
77215
268269
216029
436326
209942
106384
531465
954379
148114
96206
397121
476458
221746
69912
864471
304735
569497
977751
298355
132445
178060
371130
9951
423456
219501
590797
931030
933525
390264
730342
586536
346746
944273
397562
926739
984054
976451
502554
822969
891948
291548
21042
641860
798623
890815
871073
943607
174130
722376
667937
390211
215425
621703
89068
514863
46640
427780
49100
270095
958509
860417
634407
218837
107093
573457
341713
56012
904423
410685
528297
318025
380047
267684
953677
29045
321272
545348
304101
679913
766173
669622
428199
195059
742138
187420
218430
897859
512090
568401
849180
12185
563585
578182
652248
505334
92161
983168
126676
45343
40091
228229
59240
444355
444670
540435
57944
555095
419154
968368
978221
118760
100141
40215
711442
412407
918506
739871
166415
375953
848654
232146
148920
458851
420238
370472
690415
664576
899483
909284
305773
102335
948391
469619
600473
692821
287903
630247
208132
189942
673300
893072
836085
33540
401905
55181
481525
713234
317353
102673
566182
419929
451506
635418
419495
608950
92702
954267
537866
31995
168117
111984
547665
811390
804809
938007
106499
706353
360270
150058
180262
58813
655929
590952
952119
558956
399107
917102
138026
332662
481222
176168
906609
95597
73896
831074
328942
356517
70718
692458
583437
914830
657288
888979
799748
857841
652282
314302
125557
21408
976963
417876
100907
219209
761390
467358
981976
651166
316381
959275
367859
769185
466514
29686
475997
356727
307175
609658
44684
105038
444540
273746
890183
750275
37148
526092
769317
187578
232956
847599
944481
263033
915350
33805
747806
560585
395762
126000
21896
363990
527052
745505
927482
892710
211392
391220
49479
937921
275070
649526
840669
308581
638633
663952
359803
829519
66882
658199
927812
994987
510612
461213
568043
993877
99913
819942
51220
881981
492762
690170
349888
891862
898254
159339
979293
866339
392272
251690
862635
567045
821708
652426
781773
293430
578945
164851
161018
422709
535456
575010
526586
311936
678493
507307
295404
672370
517988
2562
290585
207396
112176
460022
2302
141969
724668
172191
118899
565809
494110
959455
814946
400594
719085
907785
19910
138209
69925
561180
572759
237039
431998
616871
749583
731902
313594
556386
150117
367833
822374
895074
171857
916005
501116
953678
693846
469523
671483
819219
511319
646565
296704
359675
727944
530427
158540
100069
818102
187414
295123
804995
669970
386248
321405
139507
854215
713521
159368
956892
505006
39268
518948
488311
982392
466485
739152
134956
757812
614138
670490
512006
355802
312735
52499
932946
415991
967070
521338
973632
782532
756331
502169
469455
620101
952549
418520
203315
213385
412370
384529
481393
649001
687024
188130
382190
167693
910280
982422
182527
17725
822958
242814
970571
7706
522516
980892
973820
595086
235305
934486
772292
533703
926702
168874
787961
429356
238691
100399
870745
634500
300744
591320
554946
310648
468582
925638
522614
828148
572783
839151
494846
535242
695269
791446
580421
609847
430943
378625
520073
190846
520332
654549
93417
916573
568789
337812
117640
247282
445864
303549
482322
358179
217291
682195
478756
967104
18497
504498
365171
30431
645177
598911
687430
88960
334934
452771
413226
745588
201529
547179
794397
828732
899202
625959
166638
878969
960774
603627
597682
338139
234272
91296
560135
410783
356571
659700
213757
115227
487285
473168
394990
366380
709185
313328
719270
627636
946321
618669
862154
963562
40814
798933
181940
751036
606316
890810
921240
517520
336444
615844
419018
712793
485326
471186
96345
317025
321928
583339
302864
30238
859429
612206
527362
256866
717747
507603
743669
984611
941841
342977
619200
866047
31958
342933
353944
540940
436987
312949
98704
372797
647976
343087
654234
867958
567213
787316
897998
964726
343243
263105
331344
819747
610309
586121
654700
854499
369433
251278
234631
905508
134274
305531
41192
537036
111119
728014
818676
996442
422080
920293
738399
363489
18148
414592
379319
376809
604216
500312
409930
478997
970231
772582
325400
89977
361022
386930
347843
972169
896833
851700
483524
990650
337962
246404
233434
249702
703866
268549
492333
504839
346456
756235
22411
49125
662803
797673
282553
868266
522507
89100
844287
676643
304524
858928
755810
334844
749192
384811
34765
140160
471011
579720
427838
162354
773702
175804
182322
391054
540975
759273
450444
400076
969388
317429
550005
410335
229661
534704
875749
238277
856167
650430
633629
798204
207898
741564
843206
512313
864800
503519
753901
665581
968224
221906
368743
112183
320451
360250
683653
608189
444358
344943
664244
345767
609717
330444
112285
412834
514168
906993
980940
820604
57592
296188
119263
901368
462830
927451
385424
206842
680480
917599
59668
141804
763977
178371
606927
957837
930036
668564
509513
960473
267642
682289
740530
268042
57382
463439
441845
989741
920480
910899
650503
441680
774768
105816
657854
588200
173948
486126
678537
792433
711115
592280
604648
134065
883193
394661
276219
181381
259136
915025
767529
159554
735287
67956
622458
262456
30910
35525
800637
601692
762271
707441
467323
904111
700152
782350
649269
180880
599915
185569
722642
319737
424158
684629
175592
872654
226720
278301
801256
622697
120585
485961
431218
331888
903617
870922
291242
241944
216360
53207
30268
802250
14459
814225
438480
349032
143779
250140
135526
272550
927091
116665
530942
385699
113425
122474
907493
897098
594860
600633
757429
718346
2510
562304
170769
180448
662120
740638
100238
59709
242574
329533
661552
573944
46396
598608
547051
932878
65677
4021
853328
197439
893464
897291
951191
592225
476478
249958
226555
946413
866548
269601
509319
238288
145650
764477
211677
463400
899905
393694
238982
77584
666724
565942
576995
697560
754075
212530
988313
325056
13053
761007
705362
512792
536442
404127
334795
223201
805797
4725
915660
712587
463504
480134
529098
462067
111061
411106
497570
924480
998453
882450
949909
649759
897841
204511
219637
682920
970883
725367
436674
869205
141325
442750
123876
36534
982202
391974
667732
654872
855491
641123
525496
81459
910095
168288
619889
233182
541421
49171
284231
322658
238324
139468
477994
757950
812263
66797
586828
51029
94722
370567
597132
285044
940623
874193
532928
358524
290396
944481
856801
112291
538194
360599
632427
23382
598403
325075
14452
763206
974571
348694
988515
685325
6174
676614
464822
698881
529031
813715
13930
80299
551429
768942
256405
481333
214333
587259
898779
369135
619089
628032
521812
520779
583203
108106
74559
984074
801188
431164
867361
579510
549223
426060
718227
297543
44747
448281
739495
593223
215132
968361
154099
497839
917297
696285
494008
792532
888224
936193
820986
335143
177789
9539
534606
442509
249709
329126
803868
995545
619401
117711
439202
649813
662602
39379
825251
605819
42101
790603
807329
195351
871610
752969
450892
309834
415734
599383
935230
975306
679105
766936
426671
193283
140911
447967
308463
309948
916872
179350
493236
465953
964949
241708
129753
841168
139214
686858
528596
920647
441301
36614
534764
956000
869162
210929
376444
581180
791548
908394
68316
260865
337450
751669
162697
614744
878686
286332
119612
116097
482357
645700
776780
928079
652541
487338
236845
680413
90581
539061
85692
568362
943311
544653
828593
545402
134034
234080
272228
510017
112580
778230
908551
274824
126808
389320
944035
905829
821123
947517
496954
923693
525931
512250
436354
209106
979830
683461
492639
239705
697913
479628
924907
450443
716168
640520
644116
102532
374821
302535
624774
727459
83564
980972
418484
293651
872983
515327
70248
362160
46337
859402
172461
198274
573089
747271
842388
328692
244433
427444
222897
480204
486630
687410
337408
671084
521688
520432
959256
852194
584582
562499
777870
28093
551681
488937
379898
996959
714699
207179
773644
313814
956726
244458
710219
98696
922881
727062
981745
907239
559148
835512
603923
210253
713270
60931
124762
75623
413634
387310
19342
956337
74752
494680
751791
56324
606986
160506
106039
100685
330072
541119
461172
267068
990776
322566
888563
551813
404425
142217
998686
959771
97600
378152
915087
304686
443729
181387
958091
182256
565540
490022
66085
41461
350784
674188
40234
658265
529186
37488
551418
651137
332069
121215
654631
519787
492791
53908
301966
472538
119286
766628
737838
404750
960280
753346
497964
900013
998956
887694
931367
77081
441435
849798
762709
554079
699334
817072
540891
246218
909663
422685
833617
631496
339296
909359
307296
612625
732922
276359
1839
196766
346595
878189
691365
892007
525306
421070
180964
459280
665479
819722
544279
636228
200438
77213
446631
219811
606424
404815
360351
286313
848396
763957
305044
3791
132674
535345
393981
559753
134954
243418
548620
219273
459230
517056
4378
249692
676266
356276
308953
721025
894009
944374
124985
863542
912110
607817
423414
789974
526322
919040
507265
567468
55799
169994
746475
726670
662233
312137
935086
791253
901655
932825
551248
998701
420265
4641
38565
118405
386328
609445
570998
443852
991196
565993
940382
352883
731616
33362
730529
157993
106983
606287
126958
755657
572076
208514
537001
455854
400417
252393
404171
99772
825006
629004
756424
64050
638536
767637
366106
542479
801868
554207
352146
682304
474141
617898
358150
823270
760693
133597
201184
679538
392071
298519
336558
187367
640755
73569
567291
182540
613537
220865
799922
310811
275905
913731
181808
549521
910459
931741
71897
256563
913197
84557
260667
843594
268186
232392
9669
318563
356434
352047
644249
702139
203037
869445
397912
749137
506516
899269
11892
747070
333706
373761
408408
826849
343347
881514
508933
496902
492736
442969
391782
884070
285502
987802
259417
41176
760161
924109
225827
363845
59631
867824
424136
690500
528597
285218
710746
663897
255062
4828
816266
683319
460031
346427
781130
871729
823428
879163
39057
73052
475453
123940
126886
400351
829959
702930
411041
135589
663555
509966
88461
102214
566047
725876
897179
875289
163169
7284
238137
995304
815743
945072
467758
271076
4515
948764
455383
824440
564909
102835
21123
834680
654870
456218
685673
250716
902348
21614
439487
622207
290943
976971
908635
618894
28386
161015
315173
122399
793166
471378
812598
367528
479264
34022
364215
201229
113812
750558
491976
531169
876526
166405
367268
901075
134715
33376
97509
269886
352034
205034
186386
176554
562708
848745
363836
659043
500955
822133
231332
59547
354636
863958
649167
262654
60101
703892
554464
256175
30464
606428
890994
850719
839083
735749
105005
5944
989760
842128
255079
104287
362939
933760
573875
335449
69761
746235
843598
552575
188424
261931
614112
601265
147516
209259
985709
128931
275565
820566
679355
258450
206616
312860
67717
212737
472496
717183
871080
596154
426607
68897
608328
411396
116986
232247
710991
314137
485289
406751
707178
980785
545991
117007
344611
976678
665985
888664
32350
514879
97465
405456
140454
294715
102464
402754
281911
257498
886095
478677
405796
195888
195596
782386
677256
121767
187526
679046
705935
782874
455648
255981
630766
890855
970977
475858
407706
940900
816070
413186
466619
981513
489432
243964
319530
182126
577765
581547
888842
147942
991595
972179
898699
304308
954668
409808
768146
392213
289744
579141
603867
95148
848362
657327
602128
145487
707666
662143
247147
969004
705960
218052
480797
2702
408619
758574
696668
701024
535974
589017
950147
42556
892019
598730
970466
223061
949954
154908
845278
137517
941087
937264
528915
249225
57903
265978
370868
86386
737281
645630
96023
171740
120697
83968
858197
47241
110819
687616
585531
601216
174119
435309
381963
252145
966302
297342
784129
246976
787473
635186
305398
746520
39935
658468
379014
696998
252068
465477
453695
465198
991925
807783
819495
968376
66297
135968
798173
52492
427860
815559
240816
767769
586116
498486
582801
56016
850878
91890
961879
277966
199129
337544
965689
237826
124499
716743
495673
656377
446025
13918
936700
791449
834867
351141
514891
693612
866155
189041
84622
198738
997196
124740
468016
178830
991944
523405
614801
359346
94195
766839
324769
754934
649918
537522
129794
929374
677656
718554
711754
133404
620921
856887
885189
216520
910245
824784
360833
724054
560425
70083
467813
527222
955812
504047
67245
164270
558973
453683
253950
864928
611158
4172
522786
728884
192623
852647
123274
514783
680916
364861
376401
285018
31231
92678
60462
354158
569976
984615
430407
49825
928752
383545
242362
290033
975920
385681
199314
825056
116921
787246
844840
825560
108463
417160
825768
695032
281767
758402
97633
3522
340663
941292
837173
248215
238999
323436
454882
767274
382663
782257
929377
32241
331452
173672
656810
396156
522567
882634
688112
124669
786555
553112
830089
21774
158101
244307
507651
994615
214102
99946
216880
908036
950754
986174
341012
194929
673841
759792
461527
44285
965688
125441
546691
568464
988581
999496
654609
471964
190804
514766
699761
65390
961478
979230
41074
587413
543794
567823
319528
970901
84613
165043
519348
204602
644013
253705
714970
493932
558405
318838
211648
44565
386102
532538
968698
328839
483843
346888
307412
52546
320743
918586
15807
719174
39738
794601
101784
543951
336271
263348
390813
121164
357657
778298
719991
676758
150645
956338
904542
593753
548400
257006
44788
576034
425680
858044
871115
807882
431193
27104
702791
124255
805402
941498
226406
354440
866029
55319
990576
567550
24447
789293
604557
19285
53023
898292
200511
989118
268098
340407
241468
172304
786299
872621
242950
85673
543059
579825
965788
759017
438688
284721
668858
387372
534238
498292
44114
733387
950761
980658
533987
798081
82485
957651
458331
277192
838436
741209
153139
170136
865039
365476
102076
72386
109477
240169
365901
657386
905547
45629
384804
819754
533900
105857
286875
122721
229903
589085
623345
161984
45447
205787
522323
317067
217759
917052
252674
261472
608437
578080
823936
815609
615439
336682
725989
900006
231965
629245
306307
65108
229565
804262
494617
666185
651769
15028
102998
637599
966832
340989
590394
75907
598121
804512
568625
279706
842051
766051
398766
930484
547142
652633
336747
134312
684828
534666
675645
2568
582416
13338
77274
57651
249983
122313
202184
238913
193376
908744
90350
917705
480051
392076
672032
269771
912848
122083
805047
480113
268207
377808
944242
93117
516544
646033
829744
823104
852091
327861
409725
869270
96745
311137
438880
911366
100673
593700
913498
390658
333837
620424
777075
943732
122222
323226
418710
755684
416907
189957
150220
62727
604145
414399
966710
801612
648115
715506
424113
719651
414813
832069
251330
405747
397363
272180
599214
644578
898344
817958
264455
395819
306915
56316
976988
404652
275560
458397
212656
980910
75914
702329
998756
617540
476327
754109
198364
943188
344126
968065
330536
233140
544005
807503
567433
748564
414061
773827
249133
142782
578916
861141
192209
279542
109534
577947
515446
683392
893318
757079
29986
240341
262558
755347
301821
441568
468579
165573
232380
962116
226541
831841
816625
493455
899327
208057
750723
198490
590273
541984
687509
360169
193781
651148
160906
369419
699059
70633
242369
808084
561233
299428
206937
718651
677877
627088
784393
205500
770739
1545
501372
502578
683590
837178
847521
622226
264946
132711
452631
566765
218059
605244
34306
170574
494718
287005
621480
325290
20036
229358
260433
516514
204729
643239
91114
237416
927794
183766
191997
671186
136145
895524
332771
822599
867367
820990
793231
485195
74370
592013
851295
760402
456457
915162
671240
882915
642922
780922
770843
639614
138370
791475
988450
775331
404333
611656
307371
846073
339218
99958
890975
357114
351982
545432
592960
303902
221491
319542
989242
615281
806540
96426
253536
845999
980173
34710
613303
845706
316946
289990
535385
633600
437715
520514
677420
533542
113710
341892
850995
848587
219276
513953
837827
296716
327019
511781
199882
29369
714508
382172
455490
518625
514534
936133
771952
264042
84941
166922
127251
996625
97475
84928
833526
729715
698500
365389
423350
789051
570231
255556
120904
257627
968918
717232
400580
134468
755330
717763
189526
94600
823527
323314
796117
879231
411174
242244
193494
807849
72516
684955
827939
825009
819219
33114
617576
56292
996539
879220
913821
775574
488031
353434
5153
746672
201411
526401
347613
479595
939507
581622
576994
160274
288794
743571
693370
13040
593421
167795
394340
668148
312605
772433
986436
539863
131401
24208
824146
996200
601179
205436
59005
213034
47264
374441
324328
956275
829197
566866
602624
236775
292512
557288
365555
974855
733301
865736
696158
768718
308476
859437
264143
334740
29499
509067
536934
482866
130444
249867
5822
65646
72195
89837
731933
906296
57612
726183
147235
689956
338606
35310
575777
389178
15098
25223
79862
835271
923120
700434
881156
566130
681711
258538
641033
431957
151159
741915
689214
648086
942125
701331
56611
50331
221523
153509
517611
220296
953498
21608
937737
796167
716365
9578
204026
237070
559211
691552
622778
653147
155192
658757
450379
43057
917811
684408
573048
602277
231785
288903
738110
544404
44425
744116
680256
957084
547981
177673
372092
915985
333712
649764
410756
466074
999855
706711
463937
932595
694621
976347
343511
441897
240124
519421
113465
43002
906846
76499
452921
912359
831046
841169
374428
978502
368274
360889
401479
654624
462555
358303
968750
878056
630213
597168
46584
486743
579370
926102
249947
582614
437920
868366
412651
296484
34623
837508
729558
544303
589440
182668
592123
934690
538041
966550
913193
906314
841644
314672
75143
304199
187179
43894
696459
817391
641061
257248
304134
734636
183350
68286
831454
135474
936651
244105
431957
485479
595817
675719
543986
185258
372591
136110
634152
910631
616864
547345
331150
458508
376221
406293
276912
563399
450186
973370
894994
605451
230618
199129
854291
928171
267414
685745
63646
718269
444055
9807
717952
39872
685526
261939
739333
572321
398048
373486
482953
529116
920830
814102
987624
811256
220395
264536
888859
184785
237906
783854
304441
982728
497187
158732
425104
278805
844477
488749
997073
288532
498556
715026
842607
698286
491169
581941
270607
403421
955426
753559
932536
390461
81867
920160
201717
816465
184696
90577
515455
936806
388635
819895
433739
885821
492831
858842
164626
851512
347592
675903
654248
360352
905133
496856
572842
910506
78797
843448
313927
548427
111213
246464
938887
193079
680828
140605
523748
865524
745385
39203
316535
134020
859097
750273
19841
866133
123320
698670
717645
985115
888777
371894
345467
308116
382954
432513
218622
461750
275962
532549
524381
901378
293217
463268
94457
974044
603872
132409
353773
349257
171612
670307
483276
544913
934784
17321
411046
572309
230195
128692
557424
633177
14790
417096
941292
397743
849608
674118
373697
125570
206667
898077
26948
14088
361345
635608
988132
479422
282222
856109
342883
453833
40622
826159
998745
975405
357684
923996
61919
587879
566892
619343
221056
581681
36439
676552
493628
400251
350670
381529
40026
71542
279606
581177
85629
155155
730990
587965
148781
13212
958279
491664
467044
998900
832027
979993
488510
189711
418194
550429
291794
985085
169772
27054
80971
720414
217810
88803
120665
568480
470331
674894
154226
264141
256072
754058
419296
987061
856228
82281
514477
814507
573944
981520
813407
405971
475718
816121
109887
893912
366550
915884
393202
50526
457143
474173
770939
674952
562975
405809
757636
547511
80703
911861
811651
850978
180125
745151
352244
36353
827432
866720
850859
401376
362445
178471
321552
352368
994591
945642
760484
875346
861526
153686
925871
318669
142063
696811
507826
219243
616824
265462
766753
211731
691528
92609
576914
871652
837760
929157
908004
179397
310083
273068
580772
672527
965742
416528
539099
474538
362170
299583
349884
223697
453269
275756
56570
109536
486771
564395
328778
103595
344062
609735
829529
35590
702344
406443
907241
54309
849805
329450
233705
159888
602517
328681
346619
82464
745209
885718
557001
621583
185301
906885
359484
152774
696845
416054
776514
183616
494653
105292
801414
838714
229232
145148
388508
445780
551591
295749
500088
401396
139403
733792
75488
741919
62473
422106
338587
321886
307824
895588
943469
7330
316678
817157
160103
13523
233211
936616
711342
242069
556113
512756
594987
299549
657903
983495
745328
723698
793448
245416
639298
932851
493412
714785
188975
70089
651096
527562
391975
473124
423150
849648
480453
254032
666805
640556
781758
414221
91377
493100
656289
161694
520060
765480
461242
692167
748975
720774
415866
542424
480394
569368
475275
973805
798358
664249
558099
449454
706015
950073
922577
643369
313926
403031
897400
980730
557791
679158
909155
163372
686462
79649
839270
206522
845129
300512
898689
108309
535491
828759
164937
15885
912331
154416
503895
710689
818665
61994
674347
38885
526271
596925
682254
840196
514160
579654
335131
586155
773017
244287
263731
459479
838139
103001
666001
683268
917717
78895
305782
967412
421858
470718
983296
334189
625134
1396
559083
958003
63389
233430
996887
103864
344559
679141
944059
372923
773000
793395
473282
546017
551886
737013
519700
390025
354218
185701
587498
786139
778799
893279
753551
714861
363997
251053
49051
989130
252448
122338
947133
830041
355767
458226
933904
214531
137367
392169
587453
424571
185564
574940
970587
737449
826157
490288
641678
180375
190193
229176
480719
483197
122455
234270
198058
657
999526
761312
989786
251975
883649
451125
596220
239417
909350
530124
453947
560921
922292
555604
985492
107856
130544
470284
359509
956700
474776
1188
651280
179174
744567
131999
662370
381227
880472
374632
381883
394204
135945
885873
160383
19594
851202
756602
773214
274757
286726
741365
835678
209019
296970
335375
831078
941717
319863
704792
412623
308844
220184
63903
488017
964750
710105
664591
345977
104782
553427
242064
498985
689371
127938
659367
708965
979139
930173
996383
253897
216900
737749
603779
940122
548923
453358
285405
490640
287425
990196
903262
596268
724584
481369
598489
689335
705678
777284
549516
810460
330712
305785
823649
20083
433722
997221
243252
927065
927394
239636
695166
658498
491589
813149
598620
40512
266507
884025
45356
553932
388426
462823
664404
627215
944191
262894
830754
164075
40178
380270
488739
370889
686054
312388
905176
633980
823813
148428
75251
751208
902267
770416
409706
908060
583566
522531
948571
850072
920760
508132
918208
823390
970954
582613
450605
429350
359711
281359
593424
399888
661629
82163
284982
861887
908755
190158
10073
732568
852789
85323
997980
269262
855738
921891
177322
953508
444422
640098
317786
365182
662434
750198
188572
633388
332811
639177
576942
692521
434740
170367
606614
610573
766733
405800
472461
675488
110162
996737
922261
962950
82060
920241
746416
452002
842132
437943
919715
286554
592245
237501
165940
254679
987698
868716
402271
834714
22098
979212
41440
456837
149579
162258
67411
430517
568057
54076
620209
678218
50813
542470
155374
647076
462712
415994
613282
819048
853936
532997
105603
960385
284702
785746
215064
786605
654462
617334
621319
190764
596547
176963
647601
260330
339221
715011
205051
907277
283291
825260
99701
334103
367730
255074
495383
344646
185272
622869
163695
39209
155867
783501
999593
954772
569247
728862
255582
737914
860400
876900
928677
456947
568068
576278
231482
907288
805493
950736
328770
88784
775996
942674
937090
657931
711952
432473
2577
897224
55343
166271
936432
725413
949771
450230
194390
519019
693296
449972
256933
553697
841076
699814
524848
409144
276093
270534
830636
81586
221271
673611
684574
997266
616285
621664
655197
328238
568342
657774
225462
137889
338249
676098
377506
288021
640532
86100
321244
333829
536071
92381
887525
891352
792194
412373
814700
582491
682907
645337
178282
904177
833152
862855
415648
449437
998723
585050
291879
81270
242824
517340
219158
95277
707642
110868
897501
348175
196968
218745
682003
247243
825329
83733
138595
131729
10310
467500
714219
207421
112837
892500
111598
460193
269560
41451
423834
268284
626500
715713
863757
383528
747257
82916
478804
454900
707987
376306
317279
419159
109255
513486
666402
934584
597218
319201
66313
121732
786700
294736
329153
413741
187237
954954
873933
456796
996404
297768
239284
137109
527685
103042
520636
274942
700161
999440
244046
922352
889950
75529
341512
999204
589014
7914
447993
700436
327114
28510
336373
628019
323246
665525
41760
510482
620479
915693
481482
131089
727665
234971
268197
255350
852216
788833
44496
66582
302478
802746
988933
706632
392479
330445
705836
495698
852562
668034
710338
179677
696543
46711
807695
19789
712235
363659
44475
332715
279352
40162
463803
521221
789336
246204
290775
641552
35037
849475
222338
851718
652221
211271
558350
558904
55921
778391
54602
908482
446425
764940
88159
657172
811650
410058
676961
523886
773717
235640
370805
567273
790005
348812
88495
579341
595015
893473
735097
144257
742948
957434
995974
909373
168706
554325
468278
224626
332716
522879
647312
293345
287819
735471
950516
99470
659733
627477
137560
947654
377322
22569
514928
167327
371380
117627
746668
480599
11100
995969
624855
268253
953404
135035
177626
636314
689359
645903
375144
536279
682987
22456
829623
970805
272131
780139
584479
931864
921821
236243
393723
299143
258811
422855
980673
144395
540481
241546
624994
65786
237516
764053
848242
190920
899087
25868
341438
102651
185976
716581
638929
868962
739036
982756
839767
525372
277101
938451
971440
198922
174694
365163
12269
433505
788018
992941
577899
842703
748692
717097
908488
986207
995355
756730
177127
408647
296803
518564
511298
482778
749349
664431
865944
2590
161393
705711
527961
438493
158367
499401
637414
333061
378769
163887
766565
166787
671032
858668
9490
419724
89971
432183
405931
85326
703117
97262
493972
514124
130030
519474
996901
879378
183906
862845
396173
859502
82762
924133
297995
241128
937739
449613
88393
316508
613499
854957
483294
284531
227831
6988
704255
317801
953374
624390
917330
656492
721652
411302
170616
365886
930776
681722
759469
628886
58772
155642
2593
655737
79775
300587
411070
17514
750199
499462
848225
363698
868624
331519
162433
96455
852711
380892
928459
806085
519487
845789
976781
241139
257091
147398
121229
702071
343324
880697
845161
916299
36339
847753
572037
630318
662544
983106
162036
412743
482568
10262
290645
351192
855984
453078
961850
708695
348174
890309
514781
867660
736098
491562
623003
507394
153164
744232
723669
10692
139134
83036
926991
175473
444993
499028
319995
107538
996338
482030
34485
478906
492291
325130
344303
348276
292412
306153
56971
154790
196463
85956
22451
932560
91723
159658
954158
759090
903889
677828
769782
557228
275068
696773
732700
720060
195801
52695
341802
706343
48929
376287
185249
541220
701416
529551
889495
508032
349909
460670
662821
546371
60831
685271
993135
152553
844929
461499
911642
263023
653531
681424
820250
928598
892401
67155
162863
602406
634053
504665
308749
682982
880951
8203
738406
96572
537753
627901
118808
887661
602775
781628
948236
663605
981104
455577
330362
340238
917075
756209
117465
570606
951837
451920
499204
844239
519074
662066
446645
667332
680935
269599
864518
561886
277801
602924
172662
329758
745029
291469
731624
862008
73098
679860
525614
568406
649641
370180
908643
566716
126389
26108
137322
78227
478027
150730
922465
511306
327001
883314
692842
7936
667117
557360
84027
944917
674488
256688
788880
419517
62362
520504
281525
649663
714568
321343
218069
364210
691523
640916
930925
817911
181228
582452
410342
173460
247386
847011
684765
574386
244531
891811
96527
911647
449171
180553
370770
123659
951444
159650
57380
528010
680153
853108
177673
908925
174452
909945
273135
380179
550861
718265
712294
732089
300717
122637
419753
548102
969647
104518
636693
728382
996328
733219
640030
959703
427976
525004
597566
379420
684653
654945
907430
879010
508053
599307
787935
196709
509253
575275
576887
574318
293540
289182
820611
108461
926022
240364
170767
409874
859085
321664
138257
369618
54883
292491
329321
482858
817494
441091
376483
16352
96036
798117
409566
118294
397424
711705
829206
420881
286980
920298
995199
94724
209480
815810
717388
649706
56175
888155
59580
429464
209819
197836
799082
778906
4531
128403
775968
822024
569494
152451
352580
179734
950567
762145
812231
862196
988055
155643
283077
275035
75941
278276
883963
799624
608291
601351
449330
178670
3711
23114
608133
727734
220950
407215
506640
739684
49823
282608
75914
133521
949263
428493
313254
899830
704843
639690
276231
692898
309537
559308
482137
385477
351788
366100
699305
960078
967451
148635
138748
485366
685952
261086
213100
906901
668300
719739
160791
718122
516552
236704
851642
465815
665196
679101
879849
884243
832995
156081
577141
142532
229593
59279
42213
581380
939582
741517
541459
421238
404356
194411
906604
90308
455496
119704
511414
638001
353648
672204
870327
870199
908907
236175
850218
88308
429480
730067
972551
776679
400352
63897
919210
629944
637379
475627
211325
576962
217144
266988
998199
135704
975602
419008
226011
945303
538712
737424
583304
892359
923832
967835
276763
346944
204010
126981
435252
147694
371252
922007
924372
285809
985903
843582
915752
623283
319209
641281
714449
50557
422473
226853
186260
398076
645861
926475
343379
698777
663899
440887
105341
101937
408722
382103
448880
126937
23288
884131
274630
908743
320343
199003
194552
820451
556789
624509
957938
390203
779994
672387
440759
202468
413444
141224
600543
59305
67699
458126
272286
245802
413217
377626
347738
336143
273933
796618
463079
297220
194954
737709
720168
29502
450916
914719
849952
7705
53433
807890
397907
833427
480277
352871
35895
893720
494094
150642
467230
75997
122972
739515
321798
536188
117142
183741
872330
905278
494563
849614
202499
203721
101528
436871
233222
552443
865794
83174
74352
919227
405268
986463
752654
399749
339334
302753
807674
347632
453394
274904
423628
90570
528623
259630
626757
159969
957574
13292
65248
452137
377110
781950
170063
478637
218821
403284
31080
84615
663
619636
3842
920134
606099
270700
319884
945432
573452
127558
807268
26846
402461
745100
631619
445288
518934
258376
605257
476509
785872
670504
928645
162982
452454
612912
641619
185479
16197
186903
270093
531063
806538
788139
451197
926841
58839
771080
872273
632291
898637
193746
173341
815302
938845
804960
774795
457780
577540
380052
934288
363412
564760
377138
40599
531418
990050
196422
716896
520451
897528
501193
565718
218272
289332
16915
145113
348171
302200
531591
494666
715041
725336
668006
44549
178387
987170
819343
636166
564711
199395
84659
442327
278359
976000
997129
809776
480255
193551
40877
706
91080
56274
566423
309351
345606
97543
454463
207981
399742
500258
216851
114783
225595
399061
159331
403981
386232
978673
554351
465147
692272
153214
907473
484835
129214
418808
808815
609469
612358
849691
610174
217642
420170
690802
41197
765775
788344
9865
487960
702290
510122
704810
817072
249921
103871
490608
653901
4307
983485
722456
469453
189963
875669
891131
674797
4884
309939
483613
128557
436501
847508
252935
654143
267678
943736
695339
547657
246285
219408
35617
948574
729530
254631
279852
979450
872706
770459
147557
877012
753944
384217
346466
943906
259887
237597
618704
778974
61740
616521
907530
498240
978233
160465
666587
760116
618406
876131
307773
864690
95539
857594
327470
825068
626429
607321
318724
499135
377780
466280
376148
645928
364701
722613
589835
624587
474414
722743
917765
536153
853468
825295
548597
831701
499965
215185
591817
118371
91316
413795
983060
186854
785593
310530
526127
412022
432055
844850
911157
809834
825334
287305
455763
190035
524122
559802
328827
512740
796749
246592
563097
650217
71888
111694
996122
571852
326878
102145
204427
932397
515939
701691
119252
815736
526426
159583
227758
958480
4433
653119
768315
343971
454628
738282
534005
978749
812288
862831
5694
609037
623628
568790
259254
695515
680484
769580
781571
521566
871724
500202
453964
901867
201893
87420
717603
728318
247002
459566
686799
765638
112685
969318
109609
567313
221805
157818
60267
34093
534854
65961
643129
158482
148955
416587
368201
343643
186167
149772
865209
572096
164178
833377
473963
366070
435001
705771
608593
196207
165337
809596
961844
792225
293119
585657
359538
514923
743474
934009
63220
278328
999969
220553
436809
663128
637139
805009
6772
337510
468985
386185
909605
633162
219562
897773
513437
168767
603544
122030
364973
283085
931625
841021
75310
224744
940882
434848
253871
684356
368857
317090
476889
883030
537642
427902
60363
688985
747116
67134
540699
216101
453318
450305
363468
187084
862282
391109
355850
465826
513138
235027
748910
958967
590252
824219
183711
531134
773271
951785
729695
656332
268875
720788
53567
320721
148690
113930
523910
895805
181063
64609
626111
148586
29118
989578
335669
891399
380687
205724
871429
408029
954954
134544
366996
59412
472968
64911
104750
246239
530900
834444
416776
799774
555232
470342
634699
218127
98476
158609
113932
793743
737421
740042
942328
766539
243825
792201
172143
138716
512129
557777
546744
467084
692320
427944
40700
679492
7059
145449
439936
537958
494098
856711
851936
563534
841257
486635
781660
939733
159448
895592
733476
896869
149839
190009
177613
393664
982209
863959
532379
494339
421736
593328
475627
628261
21272
516326
307753
28331
175979
261893
566288
670076
118604
418225
233611
959861
419064
15271
413799
578512
425067
147275
989585
574906
337283
681402
482774
833696
59566
15153
842239
995506
608480
317866
623767
143957
348396
445724
172287
524375
707617
252779
708655
340425
185208
456470
814490
604272
985945
228289
696988
411012
889767
686573
500122
227050
882179
982895
574951
941744
512253
417190
937250
120733
249261
75222
264689
597656
35151
951179
636235
256972
718163
859095
597396
903370
315565
411887
507642
301510
154380
204630
226727
44148
405407
726848
785401
287586
223949
360352
743535
736201
777542
194990
856933
541007
270212
635827
138663
819566
101211
289103
76538
819373
148198
188138
722744
977966
600024
744590
279477
268609
949220
20408
312756
868831
747255
98157
670622
485408
972713
928361
221609
264460
123351
592747
805466
907766
742778
458333
727332
843988
747435
803869
177567
409837
506212
414515
387804
106236
159105
667280
374844
622529
687687
201804
5566
949146
299961
676187
434555
786878
604548
656163
51338
727898
763114
856803
635665
505892
315136
877201
864085
62572
195276
41652
472408
701487
970370
860211
321927
129475
41696
210976
266209
243587
412779
271774
706938
226944
462165
141493
13822
66713
311860
65159
308815
74975
436166
458684
95071
751302
335886
959155
328078
531161
515011
800485
746852
485381
174902
68779
129061
730801
279754
395269
974388
206738
181247
681326
433681
643411
337023
961707
710123
163087
541070
18938
752265
977236
991826
847336
728538
327712
806491
56616
373077
321503
371305
119929
806883
60411
702911
935943
305417
496870
845416
279805
703607
26663
475335
651492
184278
326562
127404
894400
489648
668474
427543
756118
645710
419369
603454
374248
261285
409945
945067
148566
245652
830576
782698
566740
890987
485609
16888
196404
982478
862304
990412
200290
403171
979951
851782
587449
820717
493390
996053
310365
161864
423596
66483
807573
357169
184141
696025
132658
594086
641092
281223
353942
985873
63921
920681
876860
549530
937569
587468
46213
314078
577880
246503
717248
72036
612489
304697
892752
105879
300751
717321
267743
238551
298009
589520
109925
482149
285546
242582
590439
440842
523805
944381
426715
587725
379267
817779
651459
316836
405247
697672
630913
497331
458379
862366
83571
70868
681267
976322
690950
496222
693644
472897
734773
505857
62418
844697
988005
862167
601483
578445
817213
125288
37031
758133
227218
416297
575912
878676
247338
495364
90553
392455
506899
548931
254821
590470
134003
936088
80997
824953
432310
288845
812054
681287
794701
388676
40189
782707
250843
641672
875356
582261
281164
426591
340394
508381
357092
430510
901262
604429
440078
991814
511089
946977
540746
765909
51652
674748
216202
132648
13906
162717
935697
825960
358208
730398
728840
912601
27310
979683
68478
902665
76149
349641
843460
930746
372227
200553
361256
273489
319186
315539
265303
830274
776720
320253
110389
828371
509206
840794
475223
37316
3511
410920
377480
875923
141319
106321
788524
682832
600208
857001
99703
676356
720846
943162
607102
93073
143715
482562
366561
462901
798100
146069
807379
574820
980525
917767
917395
3936
758562
392619
41252
276277
317743
418731
666404
973265
525051
454928
656098
639463
826133
755800
315819
546980
698962
437125
154257
356882
919687
35023
333987
231992
695295
141366
806812
675820
59134
724207
193961
331900
631030
235212
608176
948773
168147
274581
922038
207403
243713
578136
846865
584051
848140
162685
131031
547103
599809
799491
418189
33701
834513
752175
265693
529808
893540
586709
719833
466878
310916
913793
312982
456151
149005
921158
919128
831355
709943
841166
38758
467860
933507
885623
51911
781647
562512
697145
842954
162321
496637
261143
710226
331150
13318
975918
375163
421063
562627
94996
402145
387747
8789
715127
843897
671997
150490
277230
503352
374637
118397
56315
842496
566108
941937
894407
861959
504449
105757
704914
180974
602393
966056
891199
447748
493579
381322
822910
914641
943948
432110
316786
845900
955102
546117
689797
627099
696606
967027
644655
71243
599628
215174
913739
679940
157111
322351
541899
175764
428107
246813
870942
544705
212870
762141
992452
706448
143464
329567
135294
601616
761676
966283
447516
716778
512401
651518
858081
209007
132750
16941
794454
246582
232115
708193
926521
903429
544748
468420
79194
972854
715233
950135
31764
442307
226481
24216
662959
884148
353782
312457
999969
629662
278740
447485
346440
791140
613207
718725
514352
745956
735666
308806
992537
967780
531203
919058
871209
75951
901683
464607
563009
616916
928946
108978
573427
155428
133193
750590
553780
1180
63047
553749
630841
341786
515439
491486
647131
128646
724415
675687
874602
460081
984492
381344
942065
29900
814607
327480
620054
716290
306291
697267
847410
235238
806244
935041
904869
453642
685631
458649
454821
748677
12399
599866
604667
527837
605556
766002
170687
329972
441689
559493
304257
940385
940837
760527
484489
755444
88007
618747
985938
394297
316015
833348
143739
636463
768389
48608
90105
454020
507257
59130
716901
33860
658996
835772
75901
778756
115980
246587
622932
71873
806080
927189
526463
261122
687716
10952
16566
289927
629699
2504
684223
459918
350056
342167
96381
118445
390774
186486
86669
898030
245615
317774
446094
418815
667750
521994
711776
783729
282786
334708
855602
603070
261897
382065
864191
463817
907220
394961
753743
51124
911668
952171
511041
261724
294338
607422
894372
685111
308112
495245
97347
67931
813018
57645
486746
480768
93844
198522
778702
376629
47434
634304
493903
823535
530573
358094
287352
951997
267259
41096
517326
693131
507471
28367
469059
801808
149993
363431
1124
972308
372880
612674
40240
185898
670319
41190
180870
764162
753915
959571
654995
801348
108080
148898
624883
152857
21196
426440
619059
288454
981739
136385
495789
489210
164751
964847
805222
828948
842482
806345
801256
215362
933224
355700
915463
603543
396889
96333
367705
665008
570109
536904
466357
192393
685801
605444
345250
706996
31884
478513
509654
13623
614897
5443
17037
293852
484494
822258
122800
326976
142809
438261
542337
76033
308165
457800
193780
219259
68337
75689
884266
152650
612592
864827
345043
298393
470272
204497
519593
16360
683009
543451
544187
297906
63098
75428
105962
547591
897686
228762
874566
554699
181227
416903
144936
3596
388907
338715
222854
457243
414403
621325
609893
26995
486152
469140
839591
470628
673636
873388
486988
870849
931043
545379
168755
994140
620806
788920
541731
32697
531886
930501
587395
713112
861608
732330
230913
250515
585249
453766
221962
999651
75091
346059
540850
75448
815198
894645
546075
3039
282238
547267
873887
213281
92646
556846
207421
713452
345767
263356
260353
877652
708061
847748
104970
569669
94283
335882
334388
679532
303852
556350
679183
893147
416613
734238
968594
231812
628883
28874
749054
425326
576141
622942
638606
182991
693992
360232
896442
553963
137792
671000
431616
845853
518748
50790
415522
613030
900875
749910
806766
204727
820464
155
612078
237077
734392
94877
983092
877479
123751
732147
302805
214096
869293
941411
